inf
inf
inf
inf
inf
inf
inf
inf
inf
inf
inf
inf
7.52775
3.76473
6.24148
2.86422
2.43785
2.36882
2.42207
2.21319
2.48466
2.42991
2.4155
2.3143
2.3367
2.34276
2.43293
2.34464
2.3115
2.33894
2.30972
2.31963
2.42666
2.25582
2.34457
2.33718
2.299
2.28822
2.20577
2.32389
2.33301
2.27249
2.41938
2.39496
2.28963
2.30918
2.34317
2.34409
2.27938
2.35275
2.34808
2.27784
2.28486
2.34021
2.30564
2.3121
2.31342
2.27203
2.31732
2.29918
2.28812
2.32037
2.31911
2.2924
2.32711
2.32004
2.31903
2.30258
2.29415
2.29154
2.30353
2.29329
2.30645
2.29897
2.338
2.30447
2.30099
2.28096
2.30562
2.29885
2.29109
2.32107
2.31584
2.32299
2.32359
2.2855
2.30824
2.32616
2.28305
2.26865
2.27141
2.30164
2.33591
2.30467
2.33975
2.29502
2.3357
2.2814
2.31085
2.32845
2.30248
2.30298
2.3322
2.31766
2.28816
2.31279
2.30082
2.29771
2.27488
2.28793
2.31564
2.32688
2.29808
2.31081
2.30798
2.32723
2.28214
2.29817
2.29029
2.31426
2.32319
2.29026
2.307
2.29349
2.29759
2.31601
2.29545
2.28836
2.31815
2.29411
2.33441
2.30272
2.3072
2.30901
2.31305
2.29066
2.28915
2.29817
2.31421
2.30994
2.30711
2.30434
2.27415
2.31596
2.32642
2.32072
2.31841
2.31218
2.30222
2.27392
2.30711
2.30546
2.28022
2.28891
2.2924
2.30051
2.27608
2.31063
2.31529
2.29782
2.28846
2.30537
2.32061
2.29183
2.29894
2.2996
2.29221
2.29218
2.34439
2.3324
2.30851
2.27597
2.29768
2.30111
2.30357
2.30759
2.27259
2.31442
2.30797
2.30964
2.29942
2.29052
2.30435
2.30294
2.31976
2.28357
2.28325
2.31491
2.31439
2.2875
2.29069
2.31363
2.3031
2.3378
2.30484
2.34178
2.28325
2.32809
2.30833
2.28399
2.2952
2.29633
2.33016
2.31643
2.30278
2.29034
2.32464
2.29505
2.2998
2.28958
2.30568
2.3193
2.33417
2.30895
2.28092
2.29199
2.30727
2.31319
2.31863
2.30682
2.30536
2.3066
2.2902
2.31594
2.3021
2.29946
2.32281
2.3162
2.2904
2.3074
2.31227
2.30789
2.28506
2.30485
2.30727
2.29671
2.32222
2.2991
2.29445
2.30366
2.29808
2.3272
2.29221
2.28534
2.26379
2.31876
2.30776
2.2823
2.31191
2.32406
2.33397
2.30194
2.29272
2.31114
2.29854
2.27833
2.2732
2.31773
2.32133
2.30271
2.31774
2.27372
2.31623
2.3158
2.29707
2.29315
2.26449
2.31544
2.29462
2.31155
2.33355
2.29866
2.334
2.35207
2.30883
2.26122
2.32052
2.30341
2.31705
2.29525
2.30013
2.27397
2.32661
2.31213
2.30527
2.30055
2.32753
2.30314
2.30702
2.28774
2.28986
2.32714
2.35773
2.29917
2.28175
2.32102
2.2943
2.28911
2.32507
2.27806
2.28691
2.30144
2.29693
2.29819
2.33814
2.30817
2.31698
2.31889
2.29931
2.2764
2.35197
2.29598
2.29953
2.30275
2.30943
2.28616
2.28038
2.3194
2.30786
2.33805
2.30605
2.29914
2.31518
2.2832
2.32073
2.28772
2.34225
2.3118
2.30635
2.30034
2.30397
2.32009
2.34915
2.29834
2.2943
2.3275
2.32237
2.31695
2.30013
2.29588
2.31341
2.29556
2.31026
2.29527
2.3071
2.29196
2.31155
2.29701
2.30325
2.32027
2.2916
2.3057
2.29202
2.30932
2.32901
2.2927
2.31936
2.29503
2.33304
2.29565
2.29299
2.30681
2.32695
2.28357
2.28501
2.32247
2.32163
2.29867
2.33196
2.29623
2.31764
2.30415
2.31217
2.30962
2.30864
2.29844
2.28535
2.31181
2.29814
2.30209
2.28397
2.31885
2.31393
2.3104
2.28928
2.29848
2.31486
2.30883
2.3102
2.31724
2.30658
2.29532
2.34211
2.3133
2.3218
2.25761
2.33707
2.30001
2.31499
2.28443
2.33002
2.32822
2.29255
2.30205
2.31018
2.30014
2.30956
2.31525
2.33471
2.27495
2.28497
2.29717
2.28921
2.30699
2.31843
2.30306
2.30873
2.32682
2.28917
2.30571
2.31346
2.29995
2.29771
2.30904
2.29722
2.28216
2.30199
2.29699
2.30214
2.30789
2.3119
2.32151
2.31496
2.33031
2.29928
2.2953
2.28171
2.29675
2.29481
2.31438
2.31974
2.28482
2.31337
2.35207
2.28664
2.30222
2.30665
2.29468
2.28043
2.30691
2.31055
2.30755
2.31237
2.29423
2.31996
2.2902
2.30331
2.31293
2.31602
2.32185
2.30726
2.28698
2.30214
2.30786
2.29511
2.30013
2.30263
2.29935
2.28755
2.30506
2.32972
2.28875
2.30905
2.29657
2.3017
2.30083
2.29422
2.2989
2.29865
2.30646
2.29875
2.30339
2.28808
2.33006
2.31146
2.29357
2.30068
2.3203
2.33287
2.29499
2.31191
2.31142
2.29805
2.30216
2.30474
2.30377
2.29587
2.30452
2.2883
2.28931
2.31208
2.33126
2.29173
2.30412
2.29774
2.3164
2.29613
2.27986
2.28599
2.31896
2.29997
2.26508
2.32155
2.31638
2.32047
2.28193
2.31497
2.31712
2.34739
2.29085
2.28412
2.29805
2.29169
2.31295
2.3209
2.32959
2.30839
2.30682
2.29338
2.28392
2.29063
2.32202
2.27952
2.31204
2.31207
2.28855
2.29672
2.29042
2.32036
2.2892
2.29005
2.31677
2.27982
2.3004
2.27684
2.33239
2.32349
2.32177
2.32596
2.31373
2.30644
2.29118
2.29604
2.274
2.29781
2.27336
2.29358
2.29187
2.31978
2.27887
2.28533
2.29609
2.27413
2.31906
2.27069
2.33049
2.32934
2.33527
2.29162
2.36008
2.28544
2.3062
2.3078
2.32321
2.30219
2.32551
2.30916
2.28733
2.30187
2.30156
2.30364
2.30903
2.3024
2.29872
2.3101
2.31827
2.31087
2.30576
2.32433
2.28934
2.29548
2.32448
2.31717
2.29076
2.303
2.28121
2.29453
2.31583
2.27647
2.31376
2.32062
2.30264
2.30047
2.29905
2.33051
2.32423
2.28108
2.3103
2.32078
2.29238
2.30241
2.3065
2.31295
2.27184
2.3081
2.31912
2.28774
2.29187
2.30088
2.30642
2.30711
2.29513
2.29918
2.31835
2.29079
2.3219
2.30052
2.29723
2.30476
2.29169
2.30554
2.30779
2.31698
2.31562
2.32904
2.28471
2.30705
2.31225
2.32196
2.28963
2.31953
2.33281
2.29961
2.31491
2.3178
2.3044
2.26377
2.3102
2.30026
2.32581
2.29065
2.31173
2.30576
2.28621
2.31883
2.29046
2.32801
2.30514
2.30893
2.30054
2.30489
2.26995
2.31087
2.32755
2.32685
2.28833
2.30946
2.31826
2.29562
2.30673
2.30918
2.30821
2.31033
2.31724
2.28076
2.31127
2.31631
2.28657
2.27988
2.32203
2.30891
2.30291
2.3276
2.32305
2.30828
2.28286
2.28793
2.27729
2.28913
2.31291
2.31652
2.31405
2.30117
2.27445
2.27281
2.31595
2.34455
2.33119
2.29583
2.28972
2.28365
2.29526
2.29864
2.32749
2.31725
2.31704
2.29971
2.2867
2.30118
2.27544
2.2979
2.31581
2.31634
2.31283
2.30236
2.28641
2.33224
2.29915
2.29572
2.28203
2.32432
2.31983
2.29782
2.31673
2.30086
2.30336
2.32894
2.29205
2.29469
2.30057
2.31197
2.30416
2.33402
2.28382
2.30848
2.29999
2.30763
2.27992
2.32209
2.30474
2.29937
2.32681
2.29437
2.31115
2.32285
2.30518
2.31362
2.2805
2.29964
2.31507
2.29605
2.31792
2.30249
2.30492
2.29347
2.28277
2.31589
2.29933
2.32827
2.30054
2.30442
2.29015
2.30984
2.3098
2.30844
2.31345
2.31557
2.28449
2.31311
2.28778
2.31186
2.31803
2.28305
2.31349
2.29099
2.30123
2.31624
2.29784
2.30639
2.31434
2.2885
2.30901
2.2779
2.2992
2.30162
2.27899
2.32066
2.31163
2.2957
2.3075
2.28523
2.31082
2.3093
2.33544
2.28321
2.28909
2.29424
2.29089
2.30933
2.30985
2.29973
2.31915
2.31967
2.29544
2.28699
2.27486
2.29692
2.28282
2.26881
2.30692
2.29648
2.31592
2.28242
2.35243
2.31123
2.28042
2.3079
2.28364
2.31765
2.3413
2.29528
2.31452
2.32269
2.34209
2.31842
2.30529
2.30205
2.27569
2.32392
2.28586
2.29805
2.29338
2.32957
2.31694
2.31085
2.30766
2.29862
2.31087
2.31804
2.31219
2.30755
2.27531
2.29786
2.28364
2.30763
2.31108
2.31707
2.31356
2.30647
2.3081
2.30955
2.28429
2.30131
2.29706
2.30074
2.30714
2.29067
2.30836
2.3178
2.30347
2.30231
2.30384
2.32067
2.29765
2.28294
2.30391
2.3307
2.27921
2.28739
2.31847
2.29167
2.27409
2.30728
2.33088
2.33046
2.30536
2.3146
2.28259
2.30582
2.29618
2.30456
2.26783
2.30647
2.29842
2.30096
2.29744
2.31377
2.30963
2.31237
2.33666
2.34933
2.26945
2.27066
2.33605
2.29983
2.30877
2.29187
2.33726
2.3125
2.29568
2.28781
2.29134
2.29453
2.3016
2.32288
2.27584
2.32339
2.31031
2.29427
2.31486
2.30305
2.31498
2.30653
2.28833
2.31681
2.31423
2.29695
2.32308
2.28388
2.2971
2.32219
2.29714
2.30579
2.29174
2.29965
2.30848
2.33728
2.2863
2.31483
2.29751
2.33554
2.30817
2.3141
2.29025
2.31568
2.28772
2.31068
2.3035
2.30538
2.32478
2.30987
2.30188
2.27937
2.28351
2.30253
2.30053
2.28148
2.3103
2.31133
2.31643
2.32332
2.29461
2.3068
2.31232
2.30414
2.31602
2.29217
2.3014
2.2876
2.30797
2.28242
2.31621
2.30402
2.32054
2.31337
2.31208
2.28519
2.29474
2.3096
2.33987
2.29552
2.29071
2.27942
2.31463
2.29041
2.30727
2.30109
2.29707
2.29731
2.31626
2.25809
2.31264
2.34749
2.30422
2.33893
2.29686
2.30061
2.32625
2.31372
2.29683
2.3027
2.29891
2.31345
2.29929
2.29753
2.26696
2.29668
2.27344
2.30126
2.29815
2.31581
2.30051
2.297
2.3205
2.29803
2.30734
2.32443
2.28612
2.33023
2.30118
2.28507
2.27017
2.29267
2.29694
2.30522
2.3035
2.30229
2.33277
2.30261
2.31638
2.30655
2.31707
2.29
2.28499
2.33461
2.28973
2.31654
2.30276
2.31689
2.32882
2.29909
2.31129
2.29504
2.31491
2.29901
2.31409
2.31133
2.30131
2.31182
2.30825
2.31541
2.2977
2.31003
2.29603
2.28795
2.26993
2.30448
2.3065
2.32537
2.28611
2.30309
2.27777
2.30422
2.32465
2.30526
2.30924
2.32606
2.30516
2.28711
2.32724
2.26561
2.33115
2.28144
2.31497
2.29843
2.28905
2.34661
2.27427
2.29743
2.30827
2.28817
2.30126
2.32974
2.28738
2.30143
2.287
2.3579
2.30885
2.30091
2.29514
2.31153
2.2903
2.29049
2.28809
2.30135
2.29744
2.30012
2.3103
2.33207
2.3193
2.30619
2.29511
2.29719
2.28905
2.29659
2.31543
2.30926
2.30108
2.32346
2.30097
2.33911
2.29275
2.31372
2.31309
2.2688
2.28178
2.32716
2.29136
2.29831
2.31157
2.28913
2.29012
2.29295
2.31253
2.31817
2.30698
2.33297
2.30738
2.29604
2.29874
2.32654
2.26894
2.30624
2.31827
2.30748
2.31214
2.28434
2.30624
2.2918
2.30356
2.2923
2.33793
2.32839
2.29063
2.29762
2.31169
2.30054
2.30377
2.28631
2.3138
2.32462
2.30224
2.29393
2.31586
2.30761
2.30351
2.31375
2.31675
2.3074
2.29765
2.30746
2.32296
2.3101
2.30102
2.31303
2.30977
2.30463
2.30389
2.30156
2.29994
2.3134
2.31128
2.31211
2.29962
2.3161
2.30094
2.29464
2.29431
2.29751
2.3319
2.29764
2.30408
2.31597
2.31357
2.30502
2.28638
2.31749
2.30229
2.3101
2.32508
2.29855
2.30214
2.32729
2.30199
2.2947
2.29362
2.3218
2.30948
2.32839
2.29372
2.3018
2.29256
2.29477
2.33285
2.30535
2.32699
2.3223
2.31856
2.31221
2.30918
2.29279
2.31049
2.31486
2.29368
2.29129
2.29892
2.33118
2.33019
2.29166
2.28855
2.29876
2.30969
2.31863
2.26871
2.31013
2.33135
2.28318
2.30089
2.33711
2.28335
2.27501
2.28166
2.34136
2.30977
2.311
2.32081
2.29138
2.28805
2.31837
2.29405
2.29517
2.3086
2.29068
2.31377
2.29606
2.29165
2.30284
2.31761
2.32173
2.30032
2.31617
2.30931
2.33617
2.30164
2.28974
2.3025
2.30536
2.31534
2.33042
2.30532
2.2991
2.30257
2.30081
2.29955
2.29436
2.30069
2.2906
2.30349
2.27869
2.28419
2.30288
2.31659
2.30729
2.29736
2.28196
2.3204
2.35413
2.31683
2.31803
2.29055
2.31753
2.31616
2.32343
2.33627
2.29647
2.25833
2.29134
2.30142
2.29748
2.32015
2.3033
2.31945
2.30118
2.31089
2.29804
2.30919
2.32747
2.30796
2.29777
2.31022
2.30103
2.30454
2.30177
2.30489
2.28808
2.29437
2.30506
2.3053
2.29206
2.3108
2.30163
2.2754
2.31274
2.31045
2.29633
2.31249
2.28187
2.29636
2.30085
2.27595
2.34179
2.29888
2.2877
2.28865
2.31469
2.31151
2.32549
2.26663
2.26151
2.36026
2.29854
2.30983
2.31739
2.30763
2.32211
2.28272
2.28743
2.31329
2.29498
2.30427
2.30281
2.30584
2.29384
2.33211
2.2904
2.29667
2.32191
2.28894
2.29445
2.29358
2.278
2.31803
2.31657
2.28627
2.29722
2.32452
2.31677
2.29955
2.32359
2.30139
2.31651
2.29836
2.31267
2.29265
2.27474
2.29572
2.31935
2.30205
2.29632
2.30481
2.29286
2.30087
2.34094
2.31946
2.31339
2.30557
2.32152
2.28761
2.3071
2.31285
2.28811
2.27935
2.30551
2.31567
2.29399
2.32724
2.29542
2.31255
2.31064
2.29885
2.28081
2.28242
2.30264
2.31454
2.30115
2.31203
2.30012
2.30976
2.25607
2.31458
2.32314
2.29264
2.29543
2.31056
2.30948
2.3343
2.31567
2.3165
2.33366
2.31246
2.34193
2.30065
2.28686
2.30725
2.30214
2.30007
2.30681
2.30302
2.28253
2.31796
2.32574
2.28961
2.28213
2.31101
2.34148
2.30936
2.3308
2.32474
2.32649
2.31795
2.29115
2.31577
2.29177
2.31329
2.30358
2.29818
2.32531
2.30864
2.31032
2.32035
2.30679
2.29942
2.30428
2.3181
2.31225
2.30421
2.29724
2.29625
2.31121
2.27627
2.31041
2.27755
2.30528
2.3037
2.28726
2.26047
2.28264
2.32765
2.30481
2.33759
2.27716
2.31177
2.31523
2.28197
2.29297
2.31588
2.32485
2.32473
2.29969
2.30099
2.32307
2.33666
2.34197
2.30465
2.28094
2.31599
2.28399
2.31922
2.31576
2.32926
2.28851
2.31224
2.31998
2.29132
2.29308
2.29458
2.31071
2.29908
2.30274
2.30453
2.288
2.28649
2.32663
2.30053
2.30274
2.29093
2.26722
2.31982
2.31778
2.33581
2.28774
2.28339
2.30916
2.2953
2.31017
2.32699
2.32625
2.29863
2.30698
2.27105
2.27704
2.30515
2.33216
2.28915
2.32825
2.2891
2.31704
2.3114
2.3029
2.3119
2.30249
2.30417
2.32385
2.30575
2.2809
2.30179
2.28304
2.31444
2.33391
2.31544
2.29701
2.2855
2.32345
2.29269
2.3164
2.32203
2.29927
2.2963
2.29542
2.28478
2.31289
2.29036
2.31125
2.2954
2.29973
2.30818
2.27825
2.30743
2.32639
2.30729
2.29344
2.3122
2.31577
2.29777
2.29781
2.34619
2.3205
2.31867
2.32267
2.29816
2.30683
2.32072
2.31994
2.31833
2.29872
2.30373
2.29442
2.30779
2.29817
2.29019
2.2985
2.29903
2.32661
2.29495
2.3109
2.3188
2.30394
2.31954
2.31004
2.2872
2.30129
2.30756
2.29784
2.2851
2.30434
2.30238
2.32541
2.30718
2.31429
2.29928
2.32092
2.30707
2.29761
2.29538
2.32038
2.31048
2.31039
2.29522
2.30218
2.29501
2.30395
2.30388
2.30026
2.30299
2.29704
2.30259
2.31303
2.30642
2.29285
2.28701
2.29906
2.3181
2.3014
2.2956
2.30926
2.3169
2.31713
2.3015
2.29951
2.2965
2.31243
2.30475
2.31355
2.30568
2.31509
2.30204
2.33206
2.30291
2.31467
2.31053
2.30438
2.30482
2.2988
2.31228
2.2972
2.31025
2.30854
2.28937
2.30903
2.30695
2.29354
2.29808
2.30771
2.31266
2.3055
2.30706
2.29698
2.30154
2.30128
2.30199
2.29727
2.30516
2.30353
2.30625
2.28351
2.29852
2.3059
2.30925
2.2908
2.31304
2.29042
2.2949
2.29001
2.30513
2.32222
2.29171
2.28624
2.33385
2.32122
2.30946
2.30772
2.28009
2.31273
2.30212
2.32924
2.31345
2.28517
2.30186
2.29394
2.32485
2.31506
2.29279
2.30262
2.31666
2.29959
2.30359
2.33156
2.29984
2.30456
2.30498
2.29795
2.31918
2.31779
2.28957
2.28765
2.31765
2.30826
2.29271
2.29873
2.31309
2.30315
2.3042
2.30321
2.33208
2.32344
2.30113
2.3007
2.30712
2.30496
2.30641
2.30813
2.29395
2.29646
2.30981
2.30148
2.30445
2.31204
2.30197
2.30066
2.2952
2.27765
2.2998
2.31468
2.31851
2.28913
2.29531
2.31511
2.30861
2.29426
2.29578
2.29119
2.30542
2.3121
2.30489
2.26892
2.33259
2.32827
2.30236
2.30553
2.29275
2.31937
2.30696
2.30547
2.31089
2.30665
2.28482
2.31959
2.31304
2.31439
2.2986
2.29277
2.31915
2.29076
2.31399
2.31954
2.30395
2.29857
2.29817
2.30745
2.31514
2.30225
2.30224
2.29767
2.30307
2.30876
2.31314
2.30648
2.30282
2.29175
2.30439
2.30574
2.29214
2.31148
2.29828
2.3047
2.2965
2.30077
2.31282
2.29857
2.32492
2.28548
2.30499
2.31004
2.31047
2.28099
2.28095
2.28586
2.30802
2.30268
2.3086
2.3254
2.31764
2.29206
2.28221
2.30158
2.31738
2.31957
2.29786
2.30663
2.32293
2.29103
2.30328
2.29276
2.31367
2.29105
2.3035
2.33043
2.30045
2.26025
2.31739
2.29843
2.2893
2.29659
2.28471
2.30608
2.31672
2.33893
2.30423
2.30265
2.30645
2.3213
2.27079
2.30196
2.30995
2.28706
2.26071
2.32732
2.32291
2.2694
2.31407
2.33828
2.31176
2.29496
2.32662
2.31009
2.33585
2.3085
2.27956
2.29532
2.33357
2.24924
2.30584
2.32786
2.27287
2.30471
2.30851
2.3076
2.32494
2.32229
2.32054
2.292
2.30194
2.29161
2.31282
2.30126
2.28362
2.30981
2.30228
2.29479
2.30909
2.30569
2.29822
2.3125
2.30708
2.31795
2.29128
2.31102
2.30799
2.30317
2.29899
2.29458
2.31007
2.30845
2.29574
2.30939
2.29843
2.30058
2.30087
2.30195
2.3037
2.29712
2.30121
2.30498
2.31392
2.30021
2.30702
2.30318
2.29986
2.30718
2.30243
2.29867
2.30101
2.29133
2.3115
2.30017
2.3102
2.31027
2.30785
2.29084
2.30554
2.31583
2.3201
2.302
2.30423
2.29676
2.2925
2.29769
2.30653
2.30486
2.30477
2.30155
2.30794
2.3332
2.31242
2.27047
2.29682
2.28828
2.3121
2.28122
2.29765
2.33305
2.32783
2.29125
2.27805
2.26952
2.32367
2.31473
2.33254
2.28867
2.25348
2.29891
2.32128
2.28956
2.30162
2.28611
2.30511
2.23171
2.3188
2.31717
2.31909
2.32742
2.32695
2.28294
2.29867
2.32272
2.26506
2.33355
2.34811
2.3101
2.28856
2.33677
2.30709
2.31831
2.33272
2.32552
2.29604
2.33087
2.29147
2.27409
2.27296
2.31673
2.30073
2.29536
2.31694
2.27879
2.32014
2.3093
2.32951
2.29864
2.32328
2.31605
2.29705
2.27938
2.3039
2.29954
2.30367
2.31936
2.32881
2.29738
2.2894
2.32967
2.31308
2.30903
2.31018
2.29519
2.29316
2.30165
2.31357
2.29521
2.31209
2.2864
2.31987
2.29993
2.31532
2.29907
2.28274
2.29534
2.2873
2.30309
2.31994
2.32192
2.29307
2.28579
2.28448
2.31234
2.30773
2.3255
2.32396
2.32073
2.28996
2.32329
2.34942
2.30058
2.31948
2.28622
2.33649
2.30285
2.30941
2.29198
2.30156
2.30084
2.30813
2.27106
2.30839
2.31235
2.32668
2.29875
2.29842
2.2921
2.30581
2.29937
2.32303
2.29119
2.32866
2.27096
2.30129
2.32469
2.30383
2.34463
2.30306
2.29298
2.30388
2.3177
2.34899
2.30948
2.34274
2.31064
2.32585
2.30983
2.31871
2.30199
2.32152
2.31012
2.27127
2.29855
2.3159
2.28505
2.29355
2.30777
2.28843
2.31133
2.304
2.30328
2.3152
2.29238
2.26678
2.31607
2.31662
2.30605
2.30433
2.33235
2.29527
2.31383
2.28549
2.28408
2.25807
2.31301
2.29662
2.29497
2.29821
2.31045
2.29771
2.285
2.29524
2.32511
2.32141
2.35468
2.30935
2.35182
2.28712
2.30615
2.35365
2.32932
2.28894
2.35099
2.30644
2.30962
2.29617
2.28294
2.30568
2.31207
2.30072
2.34489
2.2853
2.33282
2.30562
2.29672
2.29776
2.3301
2.31961
2.28563
2.31895
2.31289
2.29597
2.31986
2.27969
2.29188
2.26369
2.31254
2.32586
2.28691
2.30604
2.33543
2.33079
2.30298
2.32162
2.28495
2.30608
2.29269
2.30815
2.28308
2.30458
2.32126
2.3191
2.30037
2.2995
2.30663
2.32177
2.31879
2.29328
2.28237
2.28164
2.33682
2.32104
2.31779
2.32259
2.30893
2.30394
2.30598
2.30584
2.32949
2.29381
2.31486
2.30854
2.30601
2.30779
2.28835
2.29009
2.26102
2.29357
2.33778
2.29777
2.29254
2.3225
2.28641
2.29956
2.30393
2.33194
2.30983
2.3379
2.27257
2.27802
2.3159
2.33258
2.28935
2.30524
2.28944
2.32903
2.31535
2.28767
2.31508
2.31262
2.31559
2.30497
2.30375
2.32383
2.27579
2.2733
2.29806
2.26421
2.27974
2.34554
2.30799
2.31839
2.31252
2.29042
2.32967
2.32394
2.28266
2.27051
2.27596
2.31027
2.27105
2.30834
2.31055
2.26973
2.28513
2.3344
2.27826
2.27461
2.30089
2.31706
2.35032
2.28485
2.28978
2.26318
2.29485
2.30399
2.31779
2.31932
2.29947
2.28598
2.2758
2.34293
2.33095
2.31336
2.32686
2.29622
2.28641
2.30544
2.31443
2.30694
2.28853
2.30503
2.28573
2.27867
2.31429
2.2916
2.29347
2.30748
2.28858
2.32125
2.27319
2.30511
2.33668
2.349
2.32978
2.29004
2.32672
2.34575
2.34082
2.29081
2.29674
2.30857
2.30573
2.32114
2.32062
2.29225
2.29606
2.28268
2.31399
2.29609
2.29509
2.31672
2.2859
2.32081
2.32287
2.3067
2.30365
2.3075
2.29553
2.28627
2.2941
2.28753
2.30832
2.30344
2.32047
2.34184
2.30985
2.2997
2.30395
2.30743
2.32723
2.31086
2.3037
2.31837
2.30768
2.29154
2.29874
2.31119
2.29283
2.30055
2.28124
2.31223
2.30695
2.30644
2.29349
2.31459
2.3041
2.28782
2.29706
2.30238
2.3356
2.3371
2.29987
2.28131
2.31205
2.33004
2.29823
2.28906
2.28699
2.28615
2.31203
2.27327
2.3053
2.27233
2.31619
2.27143
2.34738
2.3093
2.29832
2.28355
2.30589
2.3223
2.29978
2.32394
2.28462
2.30403
2.3082
2.35276
2.31066
2.28112
2.31254
2.30922
2.28705
2.31697
2.3419
2.31795
2.28745
2.2923
2.31441
2.30379
2.31729
2.30235
2.31763
2.27711
2.2991
2.30445
2.30936
2.28854
2.30444
2.30969
2.30529
2.32
2.32104
2.30263
2.30057
2.28947
2.33996
2.31077
2.29038
2.30051
2.2975
2.31412
2.27081
2.27663
2.27049
2.29065
2.29668
2.30849
2.2998
2.31931
2.30872
2.32346
2.34768
2.2861
2.31011
2.31108
2.33321
2.31812
2.28761
2.28728
2.29358
2.32279
2.30912
2.31434
2.25829
2.30664
2.31933
2.31225
2.28843
2.3007
2.26908
2.29402
2.29999
2.34112
2.31092
2.31854
2.2829
2.28254
2.28429
2.31023
2.30434
2.2843
2.29621
2.32357
2.30256
2.35584
2.31646
2.31643
2.34378
2.27862
2.31804
2.31172
2.30564
2.29741
2.30983
2.30477
2.29226
2.31999
2.29404
2.29098
2.32631
2.29924
2.305
2.3068
2.31261
2.29425
2.29448
2.31421
2.3154
2.31477
2.30764
2.31177
2.3207
2.30847
2.30837
2.29641
2.31109
2.29854
2.30634
2.3306
2.2959
2.30289
2.28125
2.30477
2.2884
2.28155
2.29888
2.29802
2.31411
2.3098
2.29773
2.30836
2.30185
2.32646
2.28961
2.32446
2.37179
2.31484
2.27279
2.28204
2.30458
2.30107
2.33805
2.32526
2.32367
2.29649
2.28012
2.31256
2.32689
2.31119
2.29105
2.29831
2.29941
2.29055
2.31537
2.32028
2.30113
2.2946
2.30089
2.29761
2.30908
2.29012
2.30051
2.28674
2.33948
2.29729
2.29918
2.31494
2.3339
2.31428
2.30592
2.29675
2.30139
2.29616
2.27138
2.31457
2.3139
2.29057
2.32033
2.30829
2.2871
2.30784
2.32758
2.33056
2.3136
2.33308
2.30107
2.30735
2.33551
2.30108
2.2937
2.32613
2.31715
2.31786
2.30586
2.30854
2.31047
2.30872
2.31738
2.30336
2.30623
2.30315
2.30229
2.31359
2.29256
2.30098
2.32228
2.30435
2.28714
2.31656
2.30432
2.28237
2.3054
2.29815
2.29451
2.32368
2.35035
2.32009
2.28937
2.31766
2.26949
2.29902
2.28771
2.31009
2.33473
2.32825
2.32515
2.33532
2.2998
2.32415
2.32627
2.31117
2.298
2.29177
2.29998
2.29206
2.30374
2.29144
2.29158
2.30272
2.30902
2.29442
2.30688
2.30764
2.28555
2.29895
2.28735
2.29367
2.30535
2.30072
2.28944
2.30234
2.29701
2.34085
2.2756
2.31167
2.353
2.29693
2.28179
2.26714
2.3403
2.33519
2.28108
2.3429
2.32034
2.31566
2.3281
2.31204
2.27459
2.33469
2.32105
2.27938
2.32314
2.26947
2.30493
2.27697
2.2927
2.30327
2.32283
2.32975
2.31763
2.32636
2.30945
2.32365
2.29782
2.30549
2.27724
2.26209
2.32236
2.33148
2.3356
2.2934
2.30995
2.3092
2.29932
2.2656
2.3116
2.31523
2.29778
2.28594
2.31571
2.30448
2.31542
2.27543
2.29798
2.29553
2.31296
2.31345
2.27273
2.32244
2.29974
2.2833
2.30004
2.32191
2.31449
2.31431
2.2794
2.29797
2.34897
2.31798
2.32885
2.29396
2.35681
2.3012
2.3058
2.32047
2.30609
2.31637
2.31952
2.29311
2.31188
2.30757
2.31712
2.31021
2.31473
2.29086
2.2968
2.29858
2.31862
2.28866
2.30283
2.30392
2.30071
2.29654
2.32133
2.30013
2.29632
2.29044
2.31577
2.30421
2.31696
2.27605
2.32113
2.29318
2.3061
2.35665
2.30454
2.2932
2.30076
2.30877
2.2656
2.30715
2.32441
2.31935
2.31699
2.31882
2.30192
2.32521
2.30008
2.30405
2.30255
2.30905
2.29191
2.30895
2.3115
2.29246
2.29923
2.28128
2.28557
2.30777
2.26944
2.28921
2.30575
2.27797
2.32563
2.28307
2.29147
2.35024
2.30978
2.33163
2.27778
2.28192
2.32996
2.28534
2.30939
2.28509
2.32042
2.30105
2.27216
2.28221
2.30043
2.31172
2.26795
2.27389
2.30822
2.31906
2.3287
2.26321
2.35604
2.32827
2.3192
2.26885
2.3232
2.33755
2.34536
2.30808
2.30191
2.30288
2.3055
2.305
2.27482
2.30623
2.28962
2.3057
2.32355
2.29893
2.29526
2.32426
2.27479
2.32809
2.31951
2.28736
2.30232
2.30731
2.30335
2.28295
2.30517
2.30871
2.27869
2.30992
2.30573
2.24929
2.29014
2.31197
2.27999
2.28963
2.34508
2.35147
2.31119
2.30023
2.32345
2.30475
2.29676
2.32532
2.31672
2.32654
2.29797
2.29593
2.27995
2.29694
2.29563
2.3155
2.30012
2.29407
2.30673
2.29346
2.26861
2.27814
2.31256
2.27259
2.29922
2.28053
2.29104
2.29329
2.32769
2.28237
2.29453
2.30042
2.33417
2.29069
2.31036
2.29198
2.31967
2.31829
2.33306
2.29055
2.30494
2.29372
2.28878
2.31833
2.32827
2.32569
2.32106
2.29696
2.3155
2.30426
2.30076
2.26706
2.31764
2.28041
2.32224
2.30882
2.32502
2.29348
2.28732
2.33516
2.31961
2.33147
2.30621
2.29126
2.32292
2.31663
2.33966
2.28009
2.30279
2.28151
2.30272
2.32016
2.32846
2.34756
2.27055
2.31416
2.32294
2.31552
2.31852
2.32072
2.28918
2.33608
2.2733
2.29353
2.29517
2.31441
2.31227
2.28678
2.30842
2.30286
2.29868
2.30329
2.31673
2.29599
2.30532
2.29475
2.31016
2.2965
2.2961
2.28624
2.29324
2.30251
2.3144
2.33426
2.25635
2.31836
2.36543
2.34236
2.31836
2.32768
2.28953
2.29697
2.28038
2.30351
2.31048
2.28914
2.34764
2.33341
2.32495
2.29216
2.27723
2.29275
2.29701
2.30116
2.28102
2.2859
2.30373
2.32703
2.30221
2.29739
2.30484
2.32158
2.30076
2.31755
2.29609
2.29213
2.29213
2.29249
2.30081
2.29218
2.32844
2.33345
2.31008
2.32745
2.30399
2.30961
2.29743
2.30274
2.31518
2.33167
2.29549
2.30106
2.28318
2.29381
2.31388
2.31307
2.34735
2.31478
2.30927
2.2838
2.3101
2.31102
2.30449
2.31459
2.31544
2.28244
2.30748
2.28452
2.29288
2.30926
2.35013
2.32119
2.32889
2.3001
2.26771
2.32183
2.32445
2.30556
2.29303
2.32142
2.31449
2.3219
2.29732
2.32364
2.30006
2.29704
2.30547
2.36056
2.31456
2.31515
2.28082
2.29978
2.33699
2.30696
2.30677
2.29958
2.29996
2.32181
2.3094
2.30989
2.29759
2.28922
2.31338
2.28847
2.32081
2.29633
2.30103
2.28641
2.31567
2.31325
2.29891
2.3028
2.31709
2.30065
2.3158
2.31925
2.28398
2.32104
2.31082
2.30819
2.33905
2.29367
2.35267
2.29343
2.28962
2.30622
2.30921
2.29409
2.31572
2.31774
2.31414
2.31515
2.30128
2.29882
2.30512
2.30828
2.30339
2.29779
2.29552
2.29713
2.29114
2.31203
2.32175
2.30044
2.3113
2.30509
2.31278
2.29263
2.28463
2.33797
2.30993
2.31025
2.30297
2.32406
2.30793
2.29008
2.32568
2.29899
2.30021
2.29584
2.31098
2.29668
2.28638
2.32966
2.30653
2.31505
2.31002
2.30362
2.31115
2.303
2.3104
2.30522
2.29946
2.29796
2.29489
2.30054
2.30747
2.29733
2.29441
2.30847
2.30723
2.27971
2.31038
2.29169
2.28671
2.31669
2.29325
2.29846
2.26572
2.2697
2.32689
2.28952
2.32228
2.29449
2.29342
2.30934
2.27559
2.31909
2.34379
2.28784
2.31412
2.31341
2.3066
2.32907
2.35627
2.31125
2.31184
2.30683
2.26598
2.3036
2.30906
2.2666
2.283
2.32492
2.26641
2.32049
2.31573
2.30493
2.26731
2.31586
2.31863
2.33006
2.29017
2.29694
2.29851
2.30015
2.2859
2.28672
2.31423
2.25932
2.29091
2.30559
2.29219
2.29552
2.31488
2.30615
2.30634
2.29398
2.34105
2.27872
2.30763
2.28857
2.29946
2.29364
2.31973
2.31361
2.29955
2.31211
2.30425
2.29064
2.30086
2.32949
2.33835
2.28792
2.32209
2.29214
2.30646
2.28958
2.30042
2.30174
2.31215
2.30167
2.2902
2.29537
2.31487
2.28331
2.30758
2.31112
2.32981
2.28692
2.29474
2.31012
2.31381
2.29357
2.29375
2.33462
2.32928
2.32702
2.30363
2.31461
2.31564
2.29247
2.30268
2.28441
2.31179
2.28203
2.3126
2.30517
2.3118
2.30485
2.31981
2.29485
2.3166
2.30902
2.31137
2.30176
2.30147
2.30737
2.30258
2.3027
2.27823
2.30805
2.29371
2.31202
2.29609
2.31027
2.30389
2.32192
2.32375
2.30978
2.3406
2.32086
2.29104
2.29981
2.30176
2.2859
2.32554
2.30669
2.30529
2.30614
2.30023
2.29426
2.33175
2.28946
2.30359
2.30649
2.29435
2.30161
2.31151
2.30198
2.30514
2.33418
2.32322
2.29721
2.29397
2.31815
2.3014
2.30848
2.29302
2.31159
2.3029
2.27995
2.33689
2.30603
2.31685
2.3235
2.30324
2.31104
2.29078
2.30795
2.32434
2.29279
2.30181
2.3188
2.3192
2.28068
2.32502
2.3185
2.33418
2.30704
2.33318
2.27475
2.30874
2.31916
2.2996
2.30003
2.29466
2.29149
2.29439
2.28529
2.32595
2.29303
2.29564
2.27672
2.27757
2.29082
2.3228
2.32577
2.28423
2.30923
2.2903
2.31031
2.30068
2.32076
2.34537
2.29906
2.29133
2.30225
2.28435
2.28738
2.31025
2.30054
2.33837
2.29955
2.30316
2.33969
2.3233
2.29563
2.31054
2.29709
2.28209
2.30268
2.30167
2.28734
2.31478
2.27964
2.27403
2.27269
2.29592
2.31226
2.33444
2.2555
2.29871
2.29072
2.31798
2.27413
2.28698
2.32976
2.27355
2.28702
2.2734
2.26445
2.31203
2.30556
2.28269
2.29344
2.31112
2.26511
2.31629
2.25618
2.27612
2.31302
2.29303
2.34729
2.31691
2.26625
2.33867
2.3506
2.32829
2.4005
2.28221
2.30614
2.25719
2.33009
2.35558
2.32075
2.29236
2.32208
2.35198
2.28848
2.35063
2.31151
2.29969
2.3316
2.29406
2.3197
2.28532
2.2505
2.30668
2.34431
2.2545
2.3146
2.32805
2.34284
2.29931
2.31831
2.32332
2.31594
2.34096
2.32109
2.28826
2.25804
2.27346
2.29475
2.28281
2.29205
2.29062
2.28627
2.28201
2.35478
2.34813
2.32021
2.2965
2.29589
2.33443
2.30523
2.35456
2.33269
2.32323
2.30995
2.33694
2.30582
2.32325
2.28534
2.31889
2.30337
2.30073
2.3151
2.30941
2.30238
2.30009
2.28737
2.30334
2.29597
2.306
2.32434
2.30197
2.29304
2.31951
2.28716
2.32495
2.30536
2.29693
2.31381
2.32005
2.29413
2.30364
2.31944
2.315
2.30773
2.30525
2.31121
2.30374
2.29211
2.3306
2.27308
2.29532
2.30064
2.31526
2.28343
2.29026
2.3086
2.3082
2.27955
2.31261
2.33746
2.29858
2.30267
2.31689
2.32577
2.31943
2.29981
2.29678
2.30475
2.31145
2.30301
2.30721
2.29659
2.30738
2.3056
2.32331
2.33156
2.29582
2.29442
2.30083
2.29697
2.30382
2.28682
2.2944
2.32144
2.30811
2.31392
2.29136
2.30195
2.30944
2.31282
2.29945
2.29337
2.29887
2.28941
2.31426
2.30342
2.32679
2.29181
2.31831
2.32307
2.29093
2.30773
2.30285
2.32243
2.31705
2.2949
2.30955
2.30641
2.31349
2.29865
2.28488
2.30438
2.28906
2.3044
2.3124
2.3272
2.3367
2.28663
2.31643
2.32216
2.29737
2.2944
2.29076
2.28643
2.28431
2.31055
2.32428
2.28921
2.30343
2.30499
2.28109
2.32259
2.35113
2.30918
2.2918
2.31744
2.30275
2.29397
2.30578
2.29057
2.30842
2.30249
2.30076
2.32197
2.2974
2.30634
2.3153
2.29783
2.28959
2.29998
2.33089
2.29392
2.30209
2.28714
2.30185
2.31198
2.31025
2.29665
2.29048
2.29546
2.28639
2.29899
2.29213
2.27159
2.28609
2.30659
2.32708
2.32107
2.2693
2.30033
2.30619
2.29812
2.31457
2.27029
2.32312
2.30295
2.33324
2.32411
2.33376
2.3099
2.29589
2.31467
2.30845
2.3114
2.29216
2.32363
2.28793
2.30997
2.28376
2.26381
2.29985
2.29497
2.30239
2.31948
2.28119
2.31806
2.30651
2.29267
2.33134
2.32882
2.28736
2.31255
2.29223
2.31377
2.32838
2.28973
2.28372
2.33389
2.3494
2.27004
2.33313
2.3582
2.33403
2.31142
2.30928
2.3316
2.32488
2.30476
2.30164
2.30373
2.3347
2.29023
2.3053
2.31007
2.30552
2.31882
2.31846
2.29979
2.32732
2.2977
2.30104
2.30818
2.29047
2.30103
2.30433
2.30851
2.30168
2.30686
2.30192
2.31214
2.31415
2.30482
2.31021
2.31474
2.31177
2.30728
2.31244
2.29833
2.3082
2.32532
2.3041
2.29679
2.30187
2.30371
2.31174
2.31485
2.30869
2.30436
2.31192
2.28895
2.28466
2.3115
2.3199
2.32107
2.33079
2.29376
2.29896
2.30007
2.29178
2.30046
2.3141
2.31471
2.32234
2.30498
2.30141
2.29438
2.28515
2.2857
2.29958
2.30005
2.30278
2.29126
2.30288
2.31153
2.28536
2.3192
2.27765
2.28846
2.30801
2.32271
2.28839
2.3018
2.32622
2.3071
2.31231
2.29729
2.26301
2.32222
2.30861
2.30168
2.29703
2.32102
2.33137
2.30237
2.30151
2.29288
2.3133
2.29638
2.27762
2.33997
2.28423
2.3032
2.30278
2.32275
2.30387
2.28896
2.28301
2.31699
2.28339
2.29446
2.33319
2.30223
2.30327
2.29761
2.28749
2.30708
2.281
2.30326
2.3539
2.2801
2.2815
2.29253
2.26208
2.30042
2.3508
2.29101
2.33539
2.31041
2.33331
2.32461
2.32352
2.28236
2.28701
2.31459
2.27816
2.33055
2.3017
2.30683
2.30178
2.2931
2.31471
2.30172
2.30379
2.32131
2.30361
2.30932
2.31655
2.30978
2.33523
2.28674
2.29546
2.3297
2.29644
2.29896
2.30858
2.30875
2.30006
2.32699
2.31865
2.28415
2.30526
2.29047
2.32077
2.31097
2.3176
2.30333
2.30645
2.30996
2.30034
2.29865
2.32843
2.29352
2.28185
2.29906
2.3102
2.29795
2.33079
2.32016
2.33301
2.31782
2.31013
2.29664
2.31514
2.29985
2.30146
2.29153
2.30462
2.32287
2.30069
2.29589
2.30108
2.29123
2.29304
2.30594
2.28503
2.30217
2.30395
2.32048
2.31667
2.32775
2.31039
2.31113
2.3547
2.32457
2.29858
2.31792
2.30076
2.29002
2.31225
2.2991
2.2791
2.29298
2.31584
2.29137
2.28682
2.30624
2.29572
2.29272
2.29047
2.30617
2.29668
2.29626
2.21585
2.31538
2.321
2.32249
2.29495
2.28716
2.28954
2.33993
2.30877
2.33648
2.27716
2.31147
2.33549
2.28683
2.25188
2.30281
2.31303
2.2902
2.29032
2.33276
2.33326
2.30831
2.33513
2.30538
2.29577
2.30553
2.31819
2.29319
2.28462
2.32594
2.32379
2.29307
2.3158
2.30312
2.28447
2.30302
2.26053
2.29652
2.31618
2.2997
2.28331
2.3018
2.29005
2.29167
2.30049
2.30854
2.32453
2.34339
2.31729
2.30067
2.32154
2.28008
2.32157
2.33703
2.29987
2.28842
2.26352
2.30008
2.29624
2.2889
2.31314
2.29466
2.27751
2.29999
2.28889
2.29006
2.31752
2.30843
2.26759
2.34256
2.30018
2.34833
2.35876
2.29519
2.30695
2.30372
2.27964
2.27038
2.33304
2.2846
2.30257
2.28573
2.3233
2.31038
2.31837
2.31028
2.32811
2.28648
2.30081
2.31303
2.27944
2.2942
2.30246
2.30486
2.27457
2.31032
2.32442
2.32116
2.32654
2.34213
2.31082
2.30063
2.3022
2.29487
2.30682
2.29552
2.30399
2.2753
2.30793
2.31174
2.30063
2.29121
2.2841
2.30453
2.30264
2.28347
2.31372
2.28926
2.31351
2.31903
2.32339
2.28944
2.32129
2.31942
2.31074
2.3262
2.31433
2.31426
2.31278
2.30901
2.31362
2.29511
2.31795
2.31133
2.30965
2.31255
2.27506
2.28527
2.3045
2.30447
2.30215
2.29636
2.305
2.29316
2.31284
2.3387
2.27418
2.28018
2.25411
2.3317
2.27627
2.30462
2.32054
2.26402
2.30814
2.32695
2.3345
2.30804
2.33935
2.30604
2.32467
2.34514
2.30479
2.32572
2.31714
2.3187
2.30989
2.34392
2.31331
2.29341
2.33614
2.30925
2.28591
2.29756
2.30759
2.30577
2.31327
2.33807
2.3293
2.28738
2.29635
2.30985
2.30727
2.30651
2.29487
2.29387
2.28793
2.308
2.28866
2.30429
2.30771
2.33426
2.27689
2.29743
2.26985
2.29884
2.30377
2.31824
2.32973
2.31659
2.33726
2.35862
2.31384
2.28486
2.30605
2.31535
2.29875
2.31116
2.31394
2.30783
2.29821
2.31034
2.28327
2.29951
2.27436
2.29593
2.28311
2.31107
2.29859
2.30281
2.30717
2.31496
2.35714
2.28226
2.30618
2.29479
2.32519
2.28829
2.32593
2.34465
2.31401
2.27941
2.28328
2.29332
2.29679
2.35202
2.32712
2.31754
2.30044
2.29567
2.29887
2.30134
2.29766
2.30898
2.32866
2.33509
2.30383
2.30832
2.31234
2.31585
2.29113
2.29864
2.28926
2.30231
2.29303
2.29006
2.31161
2.30327
2.34766
2.31557
2.31041
2.30294
2.28608
2.29159
2.32254
2.29692
2.29789
2.29047
2.29598
2.32541
2.32867
2.30416
2.30905
2.31295
2.31403
2.30056
2.30221
2.28692
2.31435
2.30186
2.28241
2.28978
2.29068
2.30065
2.32101
2.32643
2.30612
2.29372
2.31736
2.33059
2.32268
2.29622
2.3047
2.28676
2.33782
2.31208
2.32349
2.32125
2.31504
2.3125
2.2721
2.31528
2.30141
2.30863
2.31075
2.30612
2.30735
2.30609
2.30598
2.31576
2.31223
2.29565
2.29776
2.29329
2.29031
2.31225
2.30636
2.30672
2.29058
2.30815
2.28298
2.3042
2.30346
2.29178
2.29811
2.27864
2.3038
2.3248
2.2906
2.29119
2.26989
2.29118
2.30875
2.29855
2.31983
2.30673
2.29954
2.2664
2.29473
2.2945
2.32593
2.30358
2.27318
2.32832
2.2894
2.27658
2.32744
2.30729
2.31741
2.29574
2.29345
2.31449
2.29105
2.31674
2.32291
2.32826
2.28317
2.30428
2.30838
2.33262
2.29331
2.31596
2.27541
2.25769
2.32458
2.31203
2.33082
2.27953
2.29384
2.29684
2.2678
2.26548
2.31871
2.34717
2.2705
2.27485
2.29996
2.28626
2.33489
2.29862
2.30829
2.32004
2.31197
2.28649
2.25915
2.31755
2.33021
2.33059
2.28888
2.32371
2.30207
2.32095
2.32378
2.33344
2.31946
2.29875
2.29002
2.29444
2.29151
2.31499
2.27638
2.28846
2.32281
2.28806
2.32414
2.28954
2.31778
2.33038
2.3352
2.29512
2.29454
2.27272
2.29166
2.31047
2.28607
2.3196
2.31248
2.29089
2.26932
2.32318
2.34076
2.2894
2.2938
2.33761
2.35129
2.30783
2.34463
2.30566
2.30058
2.2864
2.32638
2.31255
2.29195
2.29818
2.29684
2.30437
2.2931
2.29309
2.29229
2.2981
2.30964
2.31058
2.3215
2.29241
2.28066
2.29604
2.31235
2.30121
2.3302
2.30651
2.28491
2.29528
2.32169
2.30637
2.28698
2.31619
2.29441
2.33132
2.2985
2.29579
2.31557
2.33668
2.30182
2.30348
2.30945
2.33591
2.30804
2.32901
2.30839
2.31414
2.31258
2.30852
2.31059
2.31281
2.30017
2.28225
2.31144
2.29476
2.30668
2.28677
2.28813
2.27433
2.30312
2.2784
2.28833
2.31486
2.29403
2.30821
2.33974
2.2888
2.27276
2.32059
2.28924
2.30985
2.31853
2.28107
2.24745
2.28186
2.31775
2.29675
2.30824
2.31424
2.27778
2.32112
2.32597
2.31034
2.34013
2.29465
2.33421
2.29985
2.32482
2.2763
2.30881
2.26353
2.29238
2.30931
2.30366
2.29334
2.30166
2.28012
2.31177
2.32895
2.34158
2.29112
2.26405
2.35495
2.33955
2.31923
2.28182
2.30915
2.28822
2.31623
2.30841
2.29875
2.3186
2.29978
2.33234
2.29606
2.28033
2.27738
2.27515
2.28558
2.2829
2.26789
2.30408
2.29094
2.30609
2.28302
2.31397
2.29326
2.3267
2.31006
2.29599
2.28425
2.28576
2.26874
2.32618
2.26776
2.29446
2.36232
2.28839
2.29415
2.31237
2.2693
2.27937
2.33391
2.31267
2.29323
2.30487
2.29272
2.31372
2.29375
2.31555
2.3297
2.26001
2.31575
2.35627
2.30945
2.31712
2.29905
2.30705
2.29444
2.32214
2.29708
2.3035
2.31002
2.29209
2.31671
2.28883
2.31786
2.32615
2.27978
2.33771
2.32018
2.32018
2.2784
2.29143
2.31096
2.36092
2.29863
2.30429
2.30979
2.31206
2.30369
2.30386
2.30547
2.30989
2.30674
2.29671
2.32639
2.32533
2.32609
2.29916
2.301
2.31219
2.31771
2.32645
2.31314
2.29948
2.3002
2.31061
2.29096
2.28842
2.29732
2.28685
2.29382
2.31481
2.30621
2.29584
2.30309
2.31715
2.30525
2.28435
2.33096
2.28717
2.32437
2.30697
2.32873
2.27698
2.28206
2.29945
2.35562
2.32578
2.31057
2.31294
2.33116
2.30081
2.33899
2.31686
2.32567
2.28618
2.26424
2.31874
2.30278
2.28082
2.30145
2.31498
2.33063
2.30025
2.29054
2.28994
2.2912
2.30802
2.32075
2.29792
2.32523
2.29398
2.32435
2.31984
2.30869
2.27494
2.30393
2.2889
2.30677
2.32903
2.31609
2.346
2.30462
2.29619
2.32377
2.31902
2.29053
2.31458
2.29847
2.29384
2.32617
2.28653
2.28935
2.29533
2.30383
2.29346
2.32275
2.32381
2.30423
2.30508
2.29405
2.30143
2.30589
2.31555
2.27334
2.30048
2.28886
2.32867
2.31499
2.3144
2.3047
2.2824
2.29983
2.29036
2.29621
2.31205
2.33255
2.31969
2.28678
2.30075
2.34934
2.27136
2.29762
2.29499
2.27179
2.32534
2.30918
2.28503
2.30355
2.29401
2.29196
2.28932
2.30564
2.3353
2.32816
2.32171
2.34902
2.30608
2.28805
2.28049
2.33253
2.31369
2.31489
2.32436
2.32827
2.31884
2.28674
2.32045
2.2933
2.28881
2.31337
2.31548
2.33051
2.26992
2.2866
2.30549
2.30383
2.29053
2.29923
2.28544
2.30055
2.33251
2.31247
2.30494
2.31724
2.31625
2.28877
2.30886
2.30609
2.32358
2.28864
2.29516
2.3153
2.29681
2.31464
2.29269
2.32814
2.31017
2.29882
2.31201
2.30964
2.29757
2.28798
2.30548
2.30492
2.3073
2.31165
2.32257
2.27305
2.31829
2.28749
2.32135
2.3249
2.31223
2.31061
2.29624
2.30408
2.32062
2.28292
2.32359
2.30892
2.3345
2.28607
2.30482
2.30153
2.30803
2.32495
2.29523
2.31971
2.31146
2.3172
2.32735
2.30766
2.29486
2.30321
2.29218
2.31743
2.30781
2.28226
2.30287
2.31874
2.3227
2.30913
2.3118
2.31513
2.29504
2.31413
2.29449
2.30807
2.31905
2.31194
2.30691
2.2922
2.31021
2.32471
2.29538
2.31564
2.28175
2.30749
2.32452
2.32889
2.27785
2.32829
2.32804
2.31921
2.33025
2.32378
2.30308
2.30047
2.31517
2.3035
2.30611
2.2944
2.31575
2.31306
2.31846
2.30139
2.29654
2.30098
2.31603
2.29024
2.315
2.30587
2.32176
2.32974
2.30554
2.31929
2.29966
2.31113
2.31326
2.30003
2.30176
2.3022
2.28251
2.31156
2.31005
2.31747
2.31005
2.29866
2.3138
2.31316
2.30129
2.29142
2.31111
2.29783
2.29806
2.30748
2.3094
2.31624
2.30698
2.3339
2.33097
2.32631
2.29831
2.29301
2.30222
2.30382
2.276
2.28917
2.30062
2.32362
2.3216
2.28357
2.32162
2.3351
2.2988
2.33036
2.32488
2.32021
2.31521
2.30511
2.32213
2.30614
2.30752
2.31374
2.31959
2.32153
2.323
2.30026
2.29669
2.3007
2.29756
2.29299
2.31204
2.2993
2.29956
2.30527
2.31339
2.32377
2.32211
2.30401
2.29176
2.30574
2.30729
2.32627
2.31003
2.32899
2.3027
2.30738
2.28552
2.30901
2.28969
2.30277
2.2877
2.30833
2.29683
2.30038
2.31236
2.29424
2.33335
2.31251
2.33265
2.27995
2.33433
2.30727
2.31382
2.31944
2.30123
2.29312
2.28894
2.32061
2.26197
2.29108
2.3042
2.3064
2.27423
2.30857
2.32152
2.31493
2.28119
2.30711
2.33381
2.32736
2.27715
2.27668
2.28555
2.28324
2.3217
2.32606
2.31678
2.30616
2.35406
2.31547
2.28621
2.29133
2.33365
2.32672
2.32268
2.30262
2.305
2.28206
2.32954
2.29524
2.34798
2.3087
2.31092
2.31092
2.29606
2.3291
2.31508
2.29169
2.27827
2.30032
2.3019
2.311
2.2815
2.31875
2.29392
2.29555
2.3263
2.30034
2.29017
2.32306
2.30082
2.27944
2.28886
2.31756
2.31265
2.28767
2.30367
2.30243
2.31056
2.32572
2.29743
2.31616
2.28985
2.32229
2.31434
2.29337
2.31012
2.34162
2.31026
2.31371
2.30681
2.30942
2.317
2.30846
2.31388
2.32224
2.28176
2.32193
2.30414
2.32284
2.28537
2.3107
2.31018
2.30213
2.31643
2.29783
2.32302
2.30445
2.30713
2.31269
2.31219
2.30941
2.30932
2.29402
2.31666
2.28062
2.31678
2.32211
2.33388
2.28611
2.30021
2.29883
2.30604
2.28694
2.29583
2.31918
2.28482
2.33568
2.31062
2.29421
2.31705
2.26322
2.26548
2.27757
2.30116
2.2962
2.32608
2.30394
2.28419
2.35827
2.26951
2.27805
2.29665
2.29767
2.28617
2.32068
2.33281
2.3149
2.32083
2.32795
2.30983
2.29223
2.29118
2.26831
2.3299
2.33844
2.32609
2.26128
2.3651
2.30856
2.31099
2.30793
2.31519
2.3375
2.31153
2.28409
2.30627
2.29481
2.28787
2.29663
2.32858
2.31284
2.30226
2.29706
2.29932
2.28552
2.29718
2.30878
2.28859
2.31528
2.31273
2.33667
2.32041
2.28838
2.31692
2.28844
2.31805
2.30988
2.30994
2.29709
2.34628
2.31857
2.2913
2.29951
2.33424
2.31812
2.31062
2.30006
2.29945
2.30592
2.29939
2.29576
2.30731
2.28366
2.28668
2.30384
2.29958
2.29129
2.29631
2.31763
2.29293
2.33987
2.31329
2.28786
2.31306
2.30129
2.26975
2.27559
2.26725
2.27793
2.29349
2.26853
2.30851
2.34542
2.27681
2.32051
2.34489
2.32538
2.33594
2.33488
2.32205
2.30022
2.26022
2.32744
2.26669
2.30658
2.32829
2.31586
2.30051
2.29101
2.2991
2.29099
2.33915
2.35543
2.31281
2.33538
2.31569
2.31723
2.27561
2.28429
2.29314
2.31055
2.28891
2.31198
2.29671
2.30145
2.28821
2.30684
2.29961
2.30084
2.32678
2.29055
2.29713
2.2569
2.29338
2.266
2.26567
2.31039
2.30919
2.28692
2.3105
2.30146
2.32961
2.33033
2.32939
2.33575
2.31771
2.29447
2.28552
2.34034
2.34498
2.3219
2.31674
2.31041
2.30272
2.31758
2.29614
2.3276
2.31782
2.30134
2.30857
2.30818
2.28996
2.33
2.28966
2.30317
2.29462
2.31508
2.30992
2.29149
2.32023
2.31783
2.30559
2.29188
2.33565
2.32318
2.30433
2.30031
2.30999
2.31693
2.30815
2.29631
2.30487
2.32324
2.30007
2.30683
2.32368
2.29978
2.29964
2.30035
2.30286
2.31374
2.30622
2.28974
2.31588
2.31552
2.29892
2.31037
2.29874
2.30193
2.29953
2.31243
2.28483
2.29159
2.31802
2.29889
2.30086
2.33937
2.3005
2.28391
2.31486
2.31473
2.29007
2.31603
2.30688
2.3113
2.29073
2.30215
2.29086
2.31872
2.27299
2.28837
2.29686
2.29155
2.31723
2.30917
2.31116
2.29428
2.30608
2.30769
2.30433
2.30724
2.34742
2.30433
2.29236
2.30919
2.326
2.3153
2.28654
2.28988
2.30275
2.3306
2.32124
2.32117
2.308
2.32033
2.30022
2.31017
2.29839
2.31325
2.29642
2.30626
2.28841
2.30746
2.3081
2.31346
2.3001
2.31463
2.32129
2.29923
2.29257
2.29222
2.29178
2.32695
2.30522
2.32519
2.31208
2.28193
2.27367
2.28595
2.29961
2.31051
2.33391
2.29224
2.2865
2.30689
2.31531
2.30704
2.31303
2.28588
2.33497
2.32485
2.30596
2.30816
2.32867
2.3109
2.30777
2.31439
2.28553
2.29684
2.33758
2.29104
2.34228
2.30502
2.30033
2.33505
2.33344
2.32681
2.31007
2.30333
2.29519
2.29715
2.30331
2.3081
2.29618
2.29285
2.30995
2.32033
2.31673
2.29298
2.25412
2.2851
2.31461
2.273
2.28883
2.34301
2.29944
2.3243
2.29468
2.3009
2.29288
2.30814
2.32219
2.29101
2.33591
2.27825
2.33435
2.32266
2.31964
2.28958
2.28189
2.28803
2.32627
2.29814
2.31134
2.30708
2.30472
2.29295
2.27475
2.32428
2.28305
2.32148
2.3107
2.26279
2.29791
2.29929
2.30573
2.30113
2.2977
2.30546
2.35384
2.30481
2.32291
2.29925
2.27871
2.30405
2.29127
2.29995
2.33595
2.31647
2.28297
2.31278
2.26538
2.28663
2.32768
2.29962
2.29787
2.29547
2.29208
2.33296
2.31093
2.29532
2.2924
2.31895
2.28611
2.2891
2.27812
2.28468
2.30008
2.30476
2.32126
2.30527
2.324
2.30107
2.28918
2.2946
2.32268
2.29114
2.29816
2.32666
2.32868
2.31282
2.30797
2.32564
2.28817
2.32001
2.30256
2.29093
2.28453
2.28992
2.28917
2.31631
2.29334
2.31666
2.303
2.30005
2.32384
2.28142
2.32889
2.34486
2.33327
2.35257
2.33432
2.29852
2.30654
2.31924
2.31199
2.32351
2.31297
2.30763
2.31157
2.30092
2.29664
2.29894
2.29118
2.30332
2.29465
2.30589
2.29906
2.29571
2.2936
2.29537
2.30765
2.27874
2.30942
2.2921
2.28954
2.33132
2.32255
2.28841
2.30313
2.29394
2.29251
2.31599
2.28068
2.32145
2.32556
2.31647
2.28219
2.31865
2.32751
2.32411
2.30646
2.29625
2.32825
2.31908
2.28096
2.27826
2.2974
2.27686
2.29709
2.26506
2.28642
2.29597
2.31746
2.27056
2.28144
2.32438
2.33592
2.30018
2.34196
2.3188
2.36159
2.30421
2.32247
2.32719
2.34854
2.30892
2.31357
2.33431
2.28044
2.31245
2.28249
2.30173
2.29746
2.26544
2.32167
2.2852
2.32664
2.31847
2.3004
2.30263
2.30763
2.30845
2.33713
2.32063
2.29741
2.30241
2.30918
2.32841
2.3115
2.29382
2.30781
2.31651
2.30235
2.30757
2.30538
2.30262
2.31116
2.30159
2.29814
2.30255
2.30798
2.31292
2.29437
2.29194
2.32109
2.32488
2.2992
2.30715
2.31784
2.33181
2.31585
2.30057
2.29441
2.30733
2.29909
2.30843
2.31422
2.33218
2.31235
2.29389
2.31409
2.27271
2.29144
2.30565
2.2985
2.31849
2.30777
2.29252
2.2982
2.27076
2.27533
2.28239
2.31705
2.28342
2.28091
2.33358
2.32081
2.29821
2.30646
2.34096
2.32307
2.2922
2.32328
2.29838
2.3324
2.305
2.29544
2.25914
2.31841
2.30965
2.31683
2.26808
2.34076
2.29833
2.32278
2.29852
2.30389
2.31278
2.31416
2.29943
2.31822
2.32131
2.30727
2.26774
2.31188
2.33248
2.31246
2.29334
2.31455
2.28201
2.31738
2.3066
2.313
2.28671
2.30518
2.27569
2.31101
2.30695
2.302
2.30115
2.30237
2.30691
2.30561
2.32208
2.34825
2.30159
2.31309
2.31046
2.33464
2.27323
2.30633
2.29973
2.27959
2.3077
2.30097
2.2941
2.31668
2.29532
2.35563
2.31314
2.30577
2.29499
2.32483
2.28285
2.28872
2.30188
2.31374
2.31125
2.28863
2.31566
2.31987
2.30935
2.29934
2.30258
2.32659
2.32034
2.2975
2.29468
2.30342
2.28596
2.31267
2.31068
2.32187
2.27968
2.29968
2.29491
2.30677
2.28035
2.29179
2.28086
2.27988
2.30847
2.28247
2.29603
2.31156
2.26525
2.28262
2.31298
2.28234
2.28518
2.29932
2.30402
2.25485
2.31421
2.33545
2.32609
2.25941
2.32542
2.26892
2.25521
2.31389
2.29545
2.30037
2.34696
2.31263
2.31839
2.33365
2.28273
2.30293
2.28849
2.29718
2.29327
2.31291
2.32714
2.25789
2.3129
2.28998
2.34056
2.29319
2.31593
2.34384
2.31904
2.32554
2.29965
2.30094
2.29951
2.31277
2.31546
2.30254
2.26425
2.28834
2.27851
2.29851
2.32366
2.29476
2.29045
2.29528
2.30183
2.31587
2.33933
2.27866
2.29396
2.29826
2.31409
2.33271
2.30061
2.31966
2.30178
2.33988
2.31504
2.3264
2.29514
2.34652
2.29283
2.31822
2.30259
2.31869
2.31501
2.29953
2.31729
2.29221
2.30465
2.30312
2.28078
2.28224
2.31264
2.29634
2.29458
2.31492
2.2809
2.33136
2.31747
2.30501
2.29323
2.33411
2.292
2.30453
2.29407
2.31838
2.30563
2.29902
2.31786
2.27951
2.32744
2.28085
2.32304
2.32363
2.30638
2.29698
2.29632
2.31219
2.31336
2.2961
2.28489
2.30776
2.26979
2.29944
2.33091
2.2783
2.30193
2.2936
2.32026
2.27
2.30904
2.28747
2.31365
2.26454
2.31461
2.29398
2.29579
2.2925
2.2774
2.31242
2.29928
2.33387
2.34433
2.29656
2.33794
2.36333
2.30359
2.2789
2.289
2.27401
2.29126
2.3116
2.28468
2.29039
2.2996
2.34104
2.28571
2.27991
2.3334
2.29164
2.31422
2.31719
2.2921
2.30291
2.26819
2.30533
2.31189
2.33095
2.31796
2.3216
2.27673
2.29373
2.26958
2.33572
2.28207
2.3051
2.31832
2.30035
2.28654
2.30067
2.33277
2.31512
2.32711
2.31486
2.3181
2.30503
2.31033
2.28834
2.28482
2.27346
2.28126
2.32867
2.31186
2.30748
2.29272
2.34538
2.31607
2.30101
2.32141
2.29504
2.31178
2.29702
2.29885
2.28046
2.32696
2.3112
2.30866
2.28376
2.30002
2.31474
2.3072
2.32023
2.30644
2.27278
2.31693
2.28833
2.28457
2.32032
2.30181
2.26819
2.30605
2.31756
2.33454
2.3317
2.35007
2.30605
2.30931
2.2871
2.31873
2.31345
2.3083
2.3048
2.32938
2.31388
2.27243
2.29687
2.30589
2.29019
2.30425
2.29375
2.3011
2.31745
2.30794
2.29554
2.2975
2.29966
2.29925
2.31553
2.30104
2.28572
2.3097
2.29764
2.30289
2.28306
2.2877
2.30899
2.30417
2.29601
2.305
2.29911
2.27508
2.29935
2.31218
2.33702
2.31328
2.32183
2.27912
2.31322
2.30107
2.30654
2.31601
2.3254
2.29749
2.29656
2.33233
2.2984
2.33235
2.28876
2.29979
2.28636
2.30523
2.3197
2.30198
2.33378
2.30743
2.31706
2.31623
2.32158
2.29259
2.30541
2.30806
2.31278
2.31219
2.31647
2.322
2.30941
2.31003
2.28395
2.3105
2.28439
2.28658
2.28467
2.29275
2.30563
2.30454
2.32181
2.28212
2.30443
2.26758
2.28252
2.28575
2.298
2.29776
2.3057
2.32361
2.30372
2.35833
2.30937
2.26008
2.33132
2.34685
2.26213
2.28229
2.31291
2.29998
2.2716
2.30815
2.32603
2.28482
2.26698
2.36222
2.30618
2.28293
2.28637
2.34739
2.26828
2.25259
2.28924
2.34076
2.31537
2.3207
2.26913
2.32426
2.25662
2.3476
2.29973
2.32662
2.27513
2.33278
2.33651
2.304
2.32966
2.34796
2.28776
2.34246
2.30171
2.29623
2.3257
2.31316
2.26966
2.31772
2.28035
2.31592
2.26845
2.27768
2.3119
2.32506
2.29973
2.3175
2.32587
2.32746
2.3091
2.29994
2.30747
2.31776
2.30214
2.30129
2.29663
2.28352
2.30802
2.32695
2.31719
2.30757
2.28532
2.29251
2.29643
2.32207
2.29315
2.29402
2.28869
2.2964
2.33005
2.29972
2.29558
2.3009
2.28948
2.29198
2.29333
2.30158
2.32874
2.31991
2.32886
2.32892
2.28046
2.29434
2.28653
2.31317
2.2977
2.27888
2.35181
2.29507
2.33036
2.31015
2.30824
2.28163
2.29387
2.31418
2.30395
2.31207
2.28087
2.28821
2.32367
2.30402
2.2817
2.35005
2.27333
2.30741
2.30491
2.28773
2.30438
2.29612
2.31956
2.29319
2.35136
2.30296
2.33184
2.31272
2.30755
2.2939
2.29715
2.29441
2.30376
2.29807
2.31048
2.32054
2.29531
2.2893
2.28604
2.30527
2.32378
2.28144
2.30925
2.33414
2.31874
2.3053
2.30399
2.3318
2.31185
2.31089
2.29549
2.28767
2.3079
2.28657
2.2797
2.30576
2.33439
2.28493
2.32589
2.31336
2.29259
2.30953
2.32164
2.32071
2.33718
2.28257
2.30047
2.3085
2.30847
2.30226
2.25837
2.30971
2.26702
2.32284
2.29184
2.32038
2.35764
2.32921
2.28905
2.2961
2.27597
2.29592
2.35876
2.32249
2.32383
2.33689
2.29952
2.33805
2.31787
2.31851
2.28699
2.32328
2.30007
2.31354
2.31351
2.30978
2.29654
2.30506
2.31579
2.31239
2.29514
2.2843
2.30703
2.32086
2.30748
2.30401
2.30808
2.29875
2.30702
2.30936
2.29966
2.30385
2.33211
2.28601
2.32588
2.31911
2.30239
2.30298
2.28988
2.29166
2.28991
2.32276
2.32657
2.30475
2.27997
2.292
2.29751
2.30741
2.32
2.28313
2.30389
2.30591
2.3158
2.31087
2.3011
2.29582
2.30558
2.32192
2.30053
2.30485
2.31199
2.29405
2.35169
2.32311
2.2961
2.31031
2.28362
2.2791
2.30581
2.29914
2.31799
2.29398
2.29022
2.3233
2.29733
2.31499
2.30348
2.33034
2.29918
2.29491
2.32291
2.31411
2.29271
2.29083
2.29398
2.30363
2.31477
2.29784
2.29685
2.305
2.29269
2.30124
2.29785
2.29487
2.31216
2.29518
2.28968
2.27999
2.30746
2.29776
2.31893
2.29504
2.33173
2.31563
2.31763
2.33155
2.32816
2.30532
2.31187
2.30603
2.2975
2.30355
2.29939
2.30232
2.32195
2.30354
2.33319
2.28988
2.30993
2.26095
2.29328
2.3018
2.32022
2.31524
2.28422
2.32601
2.29365
2.28727
2.32338
2.31872
2.3222
2.31565
2.27507
2.28122
2.2907
2.30314
2.32695
2.32779
2.30761
2.32052
2.28386
2.32244
2.32762
2.29844
2.31994
2.30986
2.30238
2.34428
2.30665
2.27628
2.2979
2.30223
2.30716
2.3
2.31072
2.30808
2.30289
2.31779
2.303
2.31376
2.3101
2.30561
2.31562
2.29939
2.31012
2.30748
2.29992
2.29355
2.31255
2.29811
2.30512
2.31093
2.29693
2.31578
2.30939
2.28653
2.31469
2.28247
2.3002
2.29455
2.31727
2.30679
2.30021
2.30457
2.28662
2.34262
2.28379
2.28675
2.31352
2.30194
2.30936
2.30532
2.30256
2.29497
2.29593
2.29324
2.29828
2.33027
2.30909
2.303
2.30901
2.29546
2.28265
2.29756
2.30684
2.31549
2.30447
2.30848
2.29525
2.34169
2.28191
2.32535
2.29433
2.28767
2.29649
2.31135
2.30598
2.33506
2.29269
2.28126
2.31356
2.32359
2.30158
2.34104
2.29975
2.29599
2.31075
2.33243
2.30559
2.31123
2.29569
2.35567
2.29912
2.30683
2.30505
2.30514
2.29465
2.31689
2.29409
2.29677
2.30583
2.29785
2.30438
2.30332
2.28224
2.29621
2.30407
2.3139
2.30958
2.34095
2.28831
2.27268
2.28715
2.29988
2.31357
2.31194
2.34648
2.34068
2.314
2.25603
2.29649
2.30772
2.28116
2.27782
2.34571
2.30241
2.27587
2.29509
2.29457
2.29361
2.29501
2.25746
2.29549
2.30513
2.30273
2.30531
2.30767
2.30416
2.31956
2.29539
2.28867
2.27302
2.2948
2.31005
2.29782
2.34628
2.29508
2.29552
2.2892
2.24263
2.29356
2.28682
2.30008
2.2927
2.29499
2.32301
2.29212
2.28045
2.31636
2.30354
2.28146
2.30693
2.30371
2.31435
2.33291
2.29856
2.35602
2.32826
2.30134
2.29576
2.32539
2.27861
2.33123
2.3139
2.30965
2.31705
2.28815
2.28483
2.29501
2.3087
2.28558
2.29612
2.31276
2.29302
2.34018
2.30301
2.29415
2.29901
2.33542
2.3115
2.3111
2.30082
2.31573
2.30641
2.30645
2.29761
2.3009
2.318
2.31032
2.32278
2.28877
2.29492
2.30322
2.28761
2.28758
2.31977
2.28088
2.29746
2.27338
2.30405
2.3093
2.29264
2.30356
2.30433
2.27185
2.31358
2.27161
2.33619
2.32374
2.29225
2.2913
2.29379
2.2871
2.27201
2.26013
2.27901
2.29822
2.29731
2.28293
2.29842
2.32624
2.25147
2.24962
2.33164
2.32049
2.30527
2.30077
2.26348
2.29207
2.28746
2.27558
2.31239
2.29529
2.24263
2.24321
2.38399
2.37443
2.27674
2.31452
2.33546
2.33693
2.30936
2.33821
2.30695
2.27843
2.21032
2.34907
2.29358
2.30979
2.24512
2.23691
2.35189
2.26385
2.31867
2.29687
2.31137
2.27363
2.33675
2.31967
2.30518
2.34633
2.31224
2.35395
2.29306
2.32379
2.29417
2.30559
2.27958
2.30732
2.30782
2.32808
2.28804
2.31615
2.32363
2.32227
2.30678
2.27361
2.27834
2.3257
2.30031
2.28369
2.31743
2.29554
2.33921
2.30193
2.32743
2.28855
2.32329
2.31872
2.30717
2.32499
2.33475
2.30324
2.32811
2.32892
2.27561
2.31624
2.30063
2.30455
2.29655
2.2967
2.3127
2.30297
2.29728
2.30841
2.29195
2.29354
2.33209
2.29554
2.31536
2.30809
2.28274
2.27811
2.28825
2.26995
2.32892
2.29541
2.30946
2.28332
2.32825
2.27552
2.29431
2.29186
2.2551
2.28099
2.31314
2.31355
2.28198
2.31288
2.32122
2.30821
2.32396
2.32694
2.30743
2.29794
2.30594
2.28406
2.2868
2.33834
2.28132
2.30649
2.36614
2.31071
2.28572
2.30979
2.31228
2.33419
2.27294
2.27929
2.33009
2.3057
2.31183
2.29694
2.28551
2.30377
2.30242
2.30504
2.30409
2.27744
2.28407
2.31097
2.30365
2.31683
2.31076
2.32822
2.30414
2.29939
2.30466
2.29671
2.29294
2.28093
2.28916
2.32801
2.33198
2.30465
2.32368
2.30707
2.32509
2.31975
2.31825
2.3154
2.33112
2.30413
2.30745
2.29701
2.31638
2.31233
2.31896
2.30953
2.31458
2.30329
2.32134
2.30624
2.3138
2.28116
2.30986
2.3096
2.2802
2.2978
2.32448
2.313
2.30823
2.27556
2.31555
2.31857
2.32139
2.3149
2.29241
2.33095
2.29913
2.32595
2.32121
2.29553
2.30033
2.3125
2.29527
2.29996
2.31884
2.29402
2.3096
2.30806
2.30464
2.31186
2.30764
2.31326
2.29372
2.29925
2.28734
2.30226
2.32019
2.29997
2.30358
2.3064
2.30315
2.29728
2.32445
2.31272
2.30698
2.2816
2.30058
2.29137
2.28977
2.31375
2.34046
2.30661
2.33413
2.3107
2.2941
2.31559
2.30958
2.32443
2.29807
2.30506
2.2991
2.31994
2.3152
2.30671
2.28452
2.29987
2.28061
2.30561
2.31642
2.2766
2.3011
2.31626
2.306
2.30327
2.296
2.31801
2.30875
2.28789
2.28287
2.32143
2.32638
2.30188
2.30406
2.28352
2.30538
2.31759
2.29925
2.29429
2.33653
2.29221
2.28103
2.33477
2.29037
2.29632
2.2883
2.31246
2.31187
2.30791
2.32032
2.28686
2.28067
2.29829
2.28588
2.30494
2.32211
2.33878
2.30798
2.26763
2.32021
2.2945
2.31141
2.31755
2.33649
2.30655
2.34423
2.28897
2.29415
2.32359
2.30558
2.30123
2.28136
2.29602
2.32113
2.29137
2.30367
2.29729
2.30169
2.31769
2.29008
2.28333
2.28731
2.32379
2.32226
2.31738
2.29938
2.32255
2.30607
2.27161
2.32037
2.32105
2.31291
2.2676
2.31926
2.30103
2.30094
2.28568
2.30007
2.2906
2.30055
2.32666
2.29682
2.26672
2.30284
2.289
2.31968
2.3167
2.28473
2.29328
2.28038
2.30658
2.29747
2.29299
2.31533
2.34323
2.31732
2.30367
2.30563
2.30713
2.32424
2.30676
2.29544
2.29543
2.29725
2.32369
2.30443
2.33107
2.30484
2.29686
2.31467
2.33123
2.31831
2.29429
2.33156
2.29772
2.32346
2.31616
2.312
2.30678
2.29387
2.32337
2.31678
2.29854
2.30972
2.3024
2.29575
2.31064
2.30481
2.28934
2.31698
2.28167
2.31205
2.30749
2.29094
2.33191
2.301
2.32225
2.29513
2.32513
2.319
2.30491
2.32357
2.29269
2.29984
2.31927
2.30352
2.29716
2.29435
2.29762
2.3032
2.29104
2.30503
2.32798
2.28974
2.28877
2.30324
2.32097
2.29077
2.28618
2.31816
2.34276
2.33282
2.288
2.31127
2.29148
2.31172
2.29898
2.2872
2.32438
2.28557
2.29308
2.32297
2.30439
2.27783
2.29025
2.3135
2.29803
2.32991
2.30761
2.31809
2.29556
2.3317
2.29859
2.32969
2.28498
2.28071
2.28131
2.31088
2.33453
2.30446
2.29641
2.3287
2.2761
2.31048
2.29092
2.27279
2.30146
2.32413
2.30535
2.3214
2.31513
2.28288
2.30453
2.32237
2.30518
2.30568
2.30864
2.32173
2.29584
2.30944
2.27941
2.29877
2.29867
2.31135
2.31864
2.33252
2.32414
2.32076
2.32717
2.31724
2.32468
2.28678
2.28223
2.2953
2.31457
2.3047
2.28958
2.29612
2.3349
2.32062
2.3198
2.30041
2.33884
2.2953
2.30618
2.2871
2.29915
2.3376
2.32134
2.29944
2.30715
2.33501
2.28451
2.28236
2.31321
2.31144
2.29067
2.32762
2.29406
2.2654
2.32087
2.29706
2.29625
2.33047
2.28975
2.29073
2.32303
2.269
2.29555
2.29423
2.321
2.34788
2.3423
2.31178
2.31204
2.27553
2.26968
2.30634
2.31111
2.3353
2.2829
2.3273
2.29669
2.28561
2.29825
2.31032
2.30031
2.29342
2.32833
2.31738
2.29824
2.31801
2.29383
2.327
2.27756
2.27437
2.31972
2.29097
2.30955
2.29025
2.30023
2.28726
2.3035
2.29949
2.31011
2.29347
2.27997
2.31497
2.30421
2.29168
2.27062
2.31737
2.27955
2.31256
2.34957
2.30415
2.2453
2.31995
2.32666
2.29029
2.29558
2.27015
2.31371
2.34207
2.30447
2.35132
2.29348
2.33149
2.3297
2.31936
2.2998
2.28872
2.31606
2.31008
2.31608
2.29581
2.29256
2.29033
2.32056
2.29499
2.30803
2.33601
2.29441
2.30485
2.28932
2.32632
2.29105
2.29909
2.29066
2.29631
2.28887
2.309
2.30418
2.30458
2.28933
2.3379
2.30715
2.32999
2.27925
2.29244
2.29032
2.32116
2.31316
2.29946
2.30295
2.30645
2.30333
2.31499
2.29257
2.27682
2.30663
2.29906
2.28839
2.30876
2.32703
2.29142
2.30141
2.31019
2.29229
2.32229
2.30539
2.31015
2.31556
2.3227
2.30141
2.30194
2.31258
2.2897
2.2926
2.30717
2.30459
2.31122
2.28216
2.31081
2.32018
2.30976
2.28106
2.31049
2.30852
2.34411
2.29845
2.26013
2.30877
2.33205
2.31068
2.29296
2.30583
2.30236
2.31929
2.27491
2.30399
2.28689
2.29415
2.28078
2.2929
2.28542
2.31729
2.30532
2.27087
2.26922
2.26588
2.31417
2.33968
2.33775
2.31734
2.27525
2.29239
2.32023
2.32042
2.32633
2.25574
2.30786
2.3215
2.31791
2.33067
2.2647
2.31573
2.30533
2.33112
2.3179
2.3011
2.32804
2.30134
2.28588
2.28583
2.30845
2.27143
2.28583
2.31753
2.29062
2.29887
2.27641
2.36022
2.29093
2.26746
2.32917
2.3191
2.30602
2.28557
2.34656
2.29961
2.30312
2.30662
2.32069
2.34704
2.29237
2.28851
2.30722
2.30148
2.31523
2.31863
2.32441
2.29528
2.28131
2.28912
2.31201
2.30907
2.31302
2.28143
2.31497
2.31823
2.31308
2.32716
2.28506
2.31956
2.326
2.29015
2.34898
2.29484
2.30952
2.2696
2.32307
2.30794
2.31385
2.307
2.30542
2.28603
2.33553
2.30468
2.28846
2.29792
2.29636
2.29417
2.3234
2.30807
2.32367
2.30294
2.32881
2.34102
2.31596
2.30746
2.29198
2.30061
2.32568
2.29501
2.3096
2.29604
2.30214
2.29343
2.30031
2.30244
2.29727
2.28205
2.3063
2.30037
2.30783
2.30983
2.30167
2.29573
2.30265
2.29851
2.30254
2.32268
2.30466
2.3098
2.30797
2.28644
2.31673
2.27466
2.32373
2.29497
2.29441
2.31327
2.29409
2.31098
2.30623
2.31788
2.3262
2.29755
2.31901
2.32913
2.31846
2.30617
2.28195
2.30775
2.28616
2.28825
2.30382
2.34166
2.30923
2.31536
2.31561
2.29811
2.30377
2.29274
2.28818
2.31172
2.30631
2.29813
2.30257
2.29555
2.30372
2.29798
2.28925
2.3088
2.29574
2.29016
2.30769
2.30017
2.28974
2.29744
2.31212
2.28863
2.27492
2.31002
2.30881
2.2869
2.28541
2.29971
2.28465
2.30742
2.27564
2.29634
2.30364
2.31301
2.3165
2.32833
2.28026
2.26747
2.27604
2.35068
2.29914
2.34334
2.30264
2.28861
2.3115
2.3017
2.35493
2.28527
2.32786
2.30051
2.33519
2.29546
2.31431
2.28677
2.28767
2.3221
2.28837
2.28893
2.31751
2.29554
2.31213
2.34042
2.31959
2.32473
2.29389
2.31846
2.27855
2.29573
2.30787
2.2934
2.31215
2.30933
2.30655
2.3126
2.32176
2.29425
2.30603
2.30795
2.29049
2.28917
2.28857
2.29043
2.31055
2.30669
2.33046
2.2992
2.28855
2.29458
2.31351
2.31318
2.29786
2.29904
2.30318
2.29127
2.297
2.28852
2.31394
2.34005
2.32768
2.30944
2.31352
2.34252
2.29543
2.32962
2.27145
2.31849
2.3197
2.32742
2.28538
2.31293
2.30481
2.30491
2.31994
2.28647
2.31458
2.29619
2.28696
2.31112
2.27477
2.30497
2.31229
2.30958
2.30596
2.32084
2.31272
2.29367
2.32306
2.28408
2.30767
2.29271
2.29731
2.30232
2.2961
2.33996
2.29088
2.30675
2.28435
2.30442
2.25715
2.28536
2.34463
2.32951
2.30935
2.31398
2.29165
2.33898
2.29692
2.29915
2.27571
2.3316
2.34626
2.34902
2.29411
2.30366
2.29249
2.28625
2.30375
2.3306
2.28202
2.31855
2.28899
2.3167
2.31396
2.34861
2.30949
2.30713
2.28223
2.31583
2.30647
2.34471
2.28769
2.3008
2.31749
2.30566
2.28986
2.30699
2.31486
2.33924
2.29235
2.29629
2.31999
2.31382
2.31005
2.3124
2.31642
2.34161
2.3061
2.30115
2.29106
2.31968
2.29054
2.31755
2.30854
2.32089
2.2942
2.29822
2.31263
2.32161
2.29207
2.29035
2.28704
2.30888
2.27444
2.32452
2.33841
2.33349
2.31636
2.29041
2.30575
2.30387
2.30024
2.30584
2.29724
2.29893
2.29935
2.29769
2.25793
2.29519
2.30071
2.32008
2.30441
2.29654
2.26806
2.28011
2.30962
2.32711
2.2953
2.26847
2.34902
2.25082
2.27642
2.30019
2.30726
2.31267
2.26524
2.29544
2.32993
2.34577
2.31379
2.31279
2.34599
2.32618
2.31533
2.30772
2.2883
2.31824
2.30165
2.28041
2.3408
2.25949
2.28741
2.32073
2.30427
2.29565
2.30007
2.27092
2.3185
2.28426
2.3032
2.30392
2.32375
2.32542
2.3208
2.30719
2.28762
2.30395
2.30619
2.30869
2.33096
2.29614
2.31874
2.2952
2.29019
2.3039
2.33062
2.29822
2.30466
2.30844
2.30296
2.30682
2.3008
2.27628
2.29488
2.29926
2.30188
2.30346
2.28886
2.30137
2.30061
2.28918
2.2907
2.3287
2.25778
2.29181
2.31282
2.30242
2.31905
2.27435
2.30829
2.31169
2.30241
2.29923
2.30882
2.34414
2.33066
2.30978
2.2771
2.30962
2.33435
2.31873
2.28079
2.34014
2.32425
2.32234
2.31566
2.31877
2.31039
2.3
2.30545
2.29506
2.30376
2.29904
2.30573
2.30803
2.32248
2.2866
2.29287
2.29117
2.29656
2.2662
2.29823
2.30912
2.31186
2.28315
2.26939
2.31791
2.30285
2.28819
2.32892
2.3279
2.35671
2.30869
2.30352
2.30812
2.30894
2.30915
2.30408
2.31369
2.34435
2.27734
2.33788
2.30361
2.32395
2.31829
2.27483
2.33419
2.29306
2.32985
2.32203
2.29072
2.32881
2.30346
2.3061
2.30512
2.3103
2.31595
2.27701
2.30461
2.28366
2.3174
2.32149
2.31231
2.33296
2.29792
2.29577
2.30728
2.25426
2.31378
2.31744
