244.109
inf
inf
inf
inf
inf
inf
inf
inf
inf
inf
inf
inf
inf
inf
inf
inf
inf
inf
inf
inf
inf
inf
inf
inf
inf
inf
inf
inf
inf
inf
inf
inf
inf
inf
inf
inf
inf
inf
inf
inf
inf
inf
inf
inf
inf
inf
inf
inf
133.318
inf
107.65
83.4642
26.3758
126.684
20.0733
19.7258
48.7503
23.8436
33.2348
24.5084
45.185
9.43669
7.97077
7.53765
inf
33.738
12.037
35.9349
12.0465
3.80447
17.3908
12.5053
31.0318
17.823
10.7581
12.3368
31.2505
5.7907
8.79168
31.3702
4.70748
14.3742
8.66713
36.5595
34.687
26.4082
35.5992
17.127
2.92647
16.4848
inf
13.0332
29.1245
15.1022
inf
26.7949
5.27762
25.3447
inf
23.4193
42.8974
21.1199
17.4508
24.1395
24.7479
29.7187
9.55101
17.3745
19.066
20.0779
5.56304
18.0235
53.4243
29.3834
33.3907
23.2894
8.64392
inf
20.937
7.86728
3.28315
12.1147
5.53356
14.7108
5.19623
19.3553
8.28645
15.2539
23.7634
23.4155
12.3032
10.4433
23.8581
25.6314
43.0925
12.2912
12.3925
11.7193
16.7659
21.6187
31.9103
6.0394
14.083
14.5832
11.6032
9.36597
6.30868
16.5229
26.3382
7.27367
5.01183
26.7821
7.49641
14.7924
2.82623
12.0783
29.8707
17.1315
18.1312
17.2415
24.9712
1.90787
4.62178
4.31118
5.38373
10.0662
11.6787
8.20224
6.23762
6.47948
4.64126
9.67458
7.11129
11.3915
3.45797
4.39829
2.59992
11.8433
4.55864
2.87185
4.75616
2.49001
3.87258
3.53021
3.11303
5.22272
2.44069
1.93968
3.16121
9.42952
3.44058
3.9342
2.62074
2.64578
6.59386
7.89641
2.46309
3.13983
13.9667
4.24192
6.79467
7.0522
3.08212
8.48521
8.96291
8.97809
4.86638
25.0961
9.55683
2.90816
8.27098
7.398
5.64092
5.02512
5.92744
3.62632
6.62579
5.55057
6.47517
3.10551
4.2749
8.89218
2.94889
8.42568
3.22401
4.16483
21.7657
6.86167
4.17174
18.1931
4.22395
4.84726
5.76306
2.6748
4.9472
2.24886
7.35845
3.11589
3.48855
3.64753
6.6236
4.11214
3.95927
3.91648
2.83716
3.13645
2.86792
4.17726
3.87066
5.56089
2.10138
2.98044
6.92877
7.38698
10.3206
12.1997
3.727
3.86285
7.09902
6.51469
2.88568
4.36184
3.68299
8.64428
7.65426
3.62306
8.05124
2.68298
6.73709
12.7059
8.75598
22.0432
11.2614
5.30724
4.26342
6.4957
4.24785
5.03734
2.27749
5.27871
5.31527
2.7313
3.65898
6.01328
16.3061
2.71223
5.31144
4.85705
18.2284
19.7366
3.38074
12.3955
7.46272
5.13193
2.68931
7.34047
4.15236
3.01222
5.45273
2.86577
2.68944
5.83006
1.72678
3.97386
2.73803
2.63688
1.47546
5.39386
1.91844
6.7533
8.34318
4.238
5.06226
4.75098
2.69192
5.26258
2.81207
3.91296
3.4069
3.91755
2.05613
5.64468
2.11019
3.94398
2.68223
8.11494
2.54693
5.5255
3.91972
4.6356
3.49891
7.45203
2.4383
5.75135
5.93736
4.21579
5.64386
3.74117
5.10285
3.06684
2.44889
2.39
2.81248
2.00776
4.54293
8.45381
15.8894
8.80364
4.0256
6.01815
4.20887
3.69684
4.03352
1.90575
5.52167
3.69084
5.5402
5.4578
8.54287
4.2728
3.06899
2.42872
4.57683
5.64854
4.56948
2.12226
2.49296
4.79542
8.00464
7.22855
6.65878
4.80832
3.73793
7.66521
1.95921
6.89478
4.64901
2.39808
3.51629
6.36133
2.39415
6.72607
4.46626
8.46319
7.7523
7.01794
6.70061
3.1494
7.00106
10.1366
3.31705
5.34784
4.86753
2.46083
8.78669
10.8733
6.28545
6.91021
7.20813
6.78979
4.44954
2.8735
2.81892
5.75872
3.3521
6.18125
6.76479
12.3274
6.16266
15.2839
5.12841
7.49816
10.1934
4.91597
4.05172
6.54999
10.8363
7.88445
17.2314
11.968
13.2837
3.92682
2.66333
2.05883
4.2125
12.208
4.19131
9.15426
6.12368
9.02048
11.7735
3.03414
4.78023
7.70705
9.79667
3.30705
3.32257
9.02722
10.9771
7.59046
3.1021
4.22856
12.2824
15.2364
12.4306
6.55983
11.1459
1.52849
19.2434
8.53402
5.90529
5.87227
2.48768
12.8719
9.75651
10.614
6.24044
5.45104
4.99866
2.67856
3.26458
3.70427
1.90696
1.87797
4.89277
3.74437
6.35567
8.77485
6.42974
3.23797
3.63272
4.45887
2.93793
7.34443
8.60656
12.1635
4.22223
4.07431
2.44751
2.50388
2.16736
6.77157
6.61349
7.45575
3.73488
6.58568
5.23722
2.72494
4.3384
3.92832
8.01825
4.42108
5.08165
3.75694
9.1291
4.3269
3.49045
4.14071
2.72493
4.49291
7.5687
3.43366
7.99516
2.39267
2.67396
8.23482
3.37296
8.6921
5.48837
6.32496
5.02328
3.50337
6.13432
2.48621
4.03808
2.8993
13.5862
7.78601
3.25275
2.01155
2.76871
3.36397
4.55607
2.4542
3.93055
2.80487
3.14418
6.71058
4.67369
5.27431
5.24655
2.12313
6.48191
2.62858
2.83062
3.68783
2.66464
7.27188
4.40575
3.0591
2.88121
4.58663
2.17016
4.45071
2.41532
5.85214
3.4075
3.4738
4.30754
2.68423
6.12464
3.28391
4.23661
3.53712
3.65979
6.05754
4.58447
3.17341
3.21728
2.34527
2.68285
3.35747
4.6714
2.01767
1.61866
2.94624
3.13591
3.72071
3.3887
4.60053
1.86726
6.15362
7.38174
3.73714
5.7338
4.81787
2.0008
3.06553
2.57986
2.16499
3.76955
2.56052
4.54928
2.83675
1.292
2.18267
2.20606
2.34691
2.20977
2.80795
2.78721
1.92097
4.75038
9.71322
3.66442
4.02024
6.27401
3.0467
5.02431
2.24082
3.605
3.8669
2.68812
10.1159
4.88519
2.41663
2.29747
6.48066
4.0778
4.52892
2.44592
3.12123
3.24436
7.03635
3.91989
3.45686
4.24202
2.55383
6.3945
13.4146
7.60204
5.76652
3.64435
3.79848
1.77138
10.4285
5.5249
2.43134
3.96711
2.94362
3.5725
4.53673
6.91721
4.21378
5.2239
3.6701
4.24226
3.24137
9.80822
12.041
2.28259
3.66946
8.51993
3.03605
2.52851
2.04982
3.00857
10.4169
2.52372
4.23631
1.86116
2.52036
6.71706
4.54805
4.13646
7.97558
2.85511
2.62407
3.0793
1.79194
1.97813
4.32499
4.43755
2.65937
3.71419
4.87751
3.72228
1.89787
3.48329
3.2188
3.62753
2.12278
2.279
6.32008
4.77134
4.46657
3.39051
5.08521
4.19824
6.30471
5.41442
4.22571
1.53073
9.37108
5.56659
2.19607
8.20932
5.02414
3.57778
8.7286
8.75471
2.85686
4.66841
7.46579
11.7067
12.9522
7.99912
10.3086
3.28996
3.75336
9.08262
5.35934
4.68134
5.43789
7.63267
2.39276
2.55835
15.394
3.00584
3.06726
3.18363
5.3101
3.27082
2.61949
4.62291
4.97593
4.02434
2.16053
3.24254
3.18595
2.02335
2.39629
2.92897
3.22006
9.48939
2.0509
2.22432
2.76071
1.68947
2.16231
3.55797
6.44484
3.4669
3.89809
2.81709
6.19163
2.40947
4.46496
4.61156
10.9439
7.83098
2.43672
2.43861
6.55325
5.29935
7.36519
3.45563
3.89408
10.669
9.15627
16.796
4.30515
3.53211
9.70892
4.71014
4.02396
3.85031
17.4717
7.2925
4.6189
3.86288
1.72695
8.70478
3.07375
4.32706
3.88417
2.40013
3.45647
2.99644
5.27844
2.91377
5.19634
2.49288
3.22407
4.47315
2.39636
3.45436
9.15407
6.96439
10.1767
4.78642
6.31958
5.5013
1.58956
2.98699
6.26607
6.56193
3.74089
1.49879
6.07599
1.89616
5.69845
4.69656
3.76297
3.50091
6.8747
4.05114
2.60733
2.80469
10.6573
11.9136
2.80472
2.19175
5.4816
2.08675
7.86803
2.89161
3.64773
3.9695
3.05852
3.695
2.01838
2.39708
1.59072
2.7792
2.86332
4.5241
1.44889
1.7075
1.66262
2.09522
3.0079
1.56621
5.22864
4.71578
3.58737
6.59908
3.53736
3.4189
3.24878
3.16616
6.12735
3.05871
3.80661
4.94662
4.07327
4.55431
2.80336
3.76411
3.04618
2.15461
3.27949
1.98425
4.27475
2.94293
1.89835
4.17072
1.93172
3.81832
2.96466
2.46715
2.38438
2.0333
4.99599
3.04498
2.75484
5.65602
3.3017
2.26315
2.66816
3.21799
2.37623
11.8169
4.74768
14.0948
7.30026
3.0427
4.17024
5.50276
2.72616
2.6377
2.68426
7.70657
14.063
3.487
4.98674
4.70272
6.29852
7.97553
5.09447
7.36605
10.5498
1.88219
5.35347
4.91143
22.8836
3.08705
11.3715
5.11367
2.16315
10.3643
4.06179
8.1239
22.9278
5.4267
4.55224
4.75808
6.53197
2.88746
2.32126
3.90061
5.23805
10.4296
2.16298
9.70512
4.23498
5.97559
3.69671
2.69415
6.86588
13.8899
6.12028
2.01811
4.33427
10.6575
2.54062
6.23515
2.97915
4.38518
7.70788
5.94822
2.61825
1.40075
5.09506
1.58113
9.15443
4.50083
4.88766
5.54819
5.64808
4.60311
2.05616
2.62732
2.32393
2.68709
3.92752
5.11256
1.48452
3.64352
4.09752
3.87352
3.97156
2.49108
8.61197
5.42011
4.07006
9.97621
2.93953
2.13197
6.56719
5.9787
2.4032
1.55812
3.8086
1.85199
3.05284
1.59566
6.47803
8.21236
5.34738
1.75008
4.38056
6.88293
2.84104
2.79842
2.37986
3.64726
5.06593
3.98825
1.45866
2.34316
2.88311
2.49744
4.42546
2.92265
2.27403
4.31838
2.03203
2.98762
7.01482
1.31095
8.24972
2.28213
2.39303
4.17874
3.61006
3.1348
2.43492
4.07011
3.49531
2.36498
4.35401
2.30039
2.70847
5.38313
1.63582
2.61169
3.7839
8.0139
5.63461
3.05378
3.172
6.80634
2.08885
2.8873
2.34142
7.08819
7.33753
1.97601
4.88449
3.69258
2.84237
18.5283
5.8444
4.44028
5.24852
4.54416
2.23314
2.46431
1.70124
2.15302
1.46216
2.98951
5.26752
6.60606
1.91102
2.50327
5.06222
3.18237
1.51726
2.04179
3.71602
2.06387
3.66028
2.6398
1.8623
4.5202
5.88988
5.6033
3.44206
3.56467
17.5241
5.11341
7.58502
3.25865
2.54479
5.90564
4.59218
2.92069
4.26512
2.81751
2.3468
2.04961
4.32758
3.3912
2.86914
11.1139
5.37602
2.46425
1.519
7.09569
6.14523
1.81218
3.61967
4.09493
3.15255
5.96196
4.20219
20.5846
3.33041
1.31518
6.24919
8.59612
13.0894
7.9821
12.4329
9.92124
2.51311
3.43071
5.05559
6.09273
2.20098
4.23069
2.57636
14.9675
6.68084
9.03321
3.72634
3.98311
10.8635
5.78903
2.24418
7.56778
6.24233
5.78706
2.00957
3.31368
8.12817
3.7763
2.75433
3.25668
5.55457
3.39725
2.43159
8.46872
8.86009
5.20588
4.51711
8.59268
6.12879
8.84211
2.36851
5.00855
2.97849
3.54331
1.75299
1.16039
3.929
1.85684
4.33623
3.60642
2.16925
2.26088
2.71504
7.99235
3.779
2.99767
8.0302
3.73891
2.92273
9.05314
2.94739
2.91745
3.04339
4.99568
2.48297
3.32321
2.90973
4.73086
1.60394
3.86201
3.46569
2.88343
5.6956
5.9933
2.32377
5.32011
7.12355
3.75479
4.12413
5.76166
5.0412
11.0333
9.02475
4.4477
2.58263
2.39138
6.37718
8.89042
2.9243
4.9765
1.76201
6.12094
13.3925
2.72086
4.20374
11.8209
10.1912
7.16559
14.4649
7.13912
19.6626
9.08205
7.1701
7.03783
7.89485
3.48154
3.41754
5.63719
4.70562
5.7593
3.48278
5.34242
3.84353
3.87451
2.73131
12.2974
5.06825
2.90226
2.76135
4.23043
3.18805
4.2074
3.35954
3.70442
4.57763
4.16048
7.73173
8.0177
6.51669
2.35444
1.81203
4.51469
2.93884
2.45546
3.13257
4.72969
6.08789
2.93608
2.77814
8.3236
5.1915
4.05149
5.32263
5.80367
2.7564
3.16791
3.43312
2.27083
1.99276
2.07876
7.01492
4.26928
3.44823
9.4181
1.76769
8.83764
4.44364
6.35578
6.20275
8.06221
7.87138
4.71667
3.46659
4.66752
2.51662
4.00663
1.57114
4.25706
3.09342
3.69492
8.06717
2.88269
4.02728
7.15028
5.01887
11.6958
3.68629
3.8659
5.12623
2.62825
1.60008
4.15307
3.65585
3.13045
3.01915
3.28696
2.55209
2.34332
1.47522
3.05503
2.98563
5.23756
3.78932
4.8103
7.35869
2.5322
7.52259
3.86041
7.43271
4.08593
5.89599
3.10715
1.58032
4.07658
5.93713
3.93478
1.67846
2.14741
3.94965
4.22151
2.4861
3.28352
9.64242
2.09578
3.40839
5.1972
2.18617
4.77733
4.70082
3.70591
2.6089
2.28234
2.52746
4.73472
5.18947
2.87948
5.71104
3.39659
6.60751
1.68351
3.96592
3.24666
5.05638
3.97813
3.56541
2.04325
2.03174
2.36656
4.5806
4.08377
7.15955
4.27222
8.77816
6.66157
7.26747
3.47091
6.12661
11.3954
3.791
5.1973
5.33295
5.43412
4.25125
2.58819
8.21587
10.221
5.87111
4.18798
6.44891
2.2619
8.0723
4.2479
12.5932
3.0321
9.83887
2.81026
12.0657
4.83835
13.9836
6.37337
2.33453
22.5305
5.19281
14.3429
6.63572
3.58998
3.68739
6.96224
5.41248
3.8386
7.53689
5.76135
8.38153
3.66488
6.09716
5.32164
6.17857
4.81351
8.19065
3.05929
9.98083
6.82644
23.8619
33.3122
6.93053
2.93192
7.20037
11.1233
3.51928
4.48745
8.21167
8.3853
8.56902
4.28443
6.76783
3.15688
5.96092
8.59101
9.56427
3.67871
8.05152
2.38508
7.24004
11.3126
10.9086
7.50285
3.52156
11.4019
11.2614
6.20602
12.1294
10.5934
2.34593
13.1551
6.93025
10.3908
6.54801
4.12079
9.18924
12.0962
5.80306
8.0387
7.54581
4.69731
1.75726
3.66771
3.4079
6.76587
6.10443
6.47142
4.78039
4.03607
1.9755
5.18591
3.30431
7.42768
1.68842
4.20711
6.60723
6.20885
3.78239
6.57441
9.50026
3.81133
6.01905
8.26823
15.0429
7.95908
8.78354
7.46314
4.42573
4.13666
6.50383
8.93503
2.38039
4.15627
6.81867
5.42837
2.55529
2.75043
5.02899
5.33448
5.24004
13.5003
4.77944
7.07454
5.17444
11.6341
4.8035
4.38346
19.4264
16.5303
9.09383
16.2349
15.398
11.3555
3.99681
16.5431
20.2442
19.8687
7.91591
4.62267
7.13386
25.9505
10.1687
5.41395
7.29328
6.7483
6.74634
7.56104
3.68589
4.25918
13.6406
7.37809
14.7805
4.20542
4.48562
4.78694
2.22842
3.25262
2.77983
5.51788
6.69851
3.78739
3.17678
11.4638
5.35179
6.60023
2.05287
7.89394
15.1921
1.45639
17.2801
21.2353
1.5402
10.2362
5.64974
4.2731
5.14444
5.49392
8.19405
1.38772
4.53623
1.95392
6.02223
2.87808
2.52989
7.33103
6.6403
4.19514
4.1535
2.83941
3.96924
4.79219
9.6657
3.41975
7.20921
3.07603
4.54491
1.85743
3.3696
6.69476
5.63577
1.41716
3.50895
2.89578
3.43445
8.96357
8.87047
4.19255
5.11911
2.26266
2.77271
6.75654
3.57126
3.56088
3.81875
3.0524
1.92408
3.60749
8.63692
2.83154
1.97294
2.88896
7.40795
3.29644
6.53753
5.17519
9.80394
7.63806
8.82181
7.09622
2.08355
1.79792
3.17264
8.68619
6.89829
8.88494
3.03234
2.49418
5.43656
2.61325
4.4378
2.59325
1.46063
2.39525
1.99321
7.99304
2.09169
6.41518
3.23187
7.96433
13.4957
9.76141
7.46169
6.49229
4.09721
9.83072
5.1827
5.65645
13.3787
12.9297
16.7721
14.6996
12.6967
8.62472
9.01242
18.0355
9.00603
17.0717
5.46955
20.3805
25.8165
10.9837
4.90817
2.44352
13.3918
10.9119
5.24714
14.8767
5.13192
2.85791
4.44799
4.89222
3.51948
6.53204
3.64763
2.60766
9.80958
3.90503
2.71402
3.87926
15.4689
4.23252
4.6033
23.8072
5.16146
7.0657
5.47934
2.03583
5.01496
8.98541
2.7722
1.64688
3.32143
5.68176
5.48363
4.52689
8.21377
5.03622
3.61224
6.75175
1.27581
2.64044
2.58126
2.06725
11.4504
3.29477
5.80584
2.38046
6.4205
0.922513
4.12522
4.79818
4.97818
6.00231
4.23569
2.85769
3.2059
2.5832
7.67943
4.92691
5.04817
2.44239
3.73094
3.77656
2.61539
6.70799
5.20595
7.27828
4.72296
5.16755
2.91951
1.68139
1.43341
3.42685
3.05559
4.11269
4.20523
4.16196
2.85845
5.5535
4.90003
5.21826
7.36309
5.5413
5.84027
2.40595
3.80634
4.98453
8.69026
5.10292
6.00811
3.76207
2.14394
6.25326
10.48
7.91825
3.88937
5.22156
3.92802
8.7685
8.51823
6.47158
8.23728
2.03296
2.37485
4.44317
3.48698
2.07922
4.3342
14.2741
7.25991
2.89473
2.07314
6.39905
9.10654
3.01484
8.34425
9.91022
5.8113
2.72791
8.98983
9.09084
13.3572
11.4801
7.13691
2.95708
2.35158
7.81663
2.63773
2.04818
1.94128
2.14967
1.67709
5.10236
4.22444
2.50345
1.69281
3.81952
3.09989
3.67322
1.85235
4.72461
1.22939
5.68109
4.82484
2.17063
1.10176
6.2786
5.1407
3.07449
4.06258
3.74406
2.63343
1.54582
5.60436
3.79994
2.48186
6.54883
3.50032
2.89697
2.53931
2.26416
4.43986
5.56554
7.08025
5.32046
2.45921
6.02389
2.75306
1.05326
21.1278
4.86665
1.82494
3.83191
3.83374
3.70475
2.22044
1.50827
2.60095
7.77695
2.12159
10.4161
3.66793
2.21289
3.65737
6.67196
2.0666
4.5307
3.17119
5.3614
8.746
9.06028
10.5164
2.16435
9.47727
2.66017
8.2995
2.53638
1.78177
2.89183
1.38295
5.8739
5.57565
5.45325
3.97715
2.62372
5.11052
8.06232
2.11632
3.45854
5.97516
2.0199
4.30128
7.94137
7.73474
5.57333
5.40795
6.26763
1.75038
1.99978
2.73579
2.74995
3.6585
2.74775
2.10674
2.96046
1.63461
7.29469
3.51263
2.67422
3.23191
2.45422
9.85213
3.24483
9.35363
21.5526
9.11629
8.33923
1.51354
9.91139
6.30415
2.11175
2.73258
6.59648
6.46045
8.39858
1.89784
1.58606
4.57021
1.31181
7.01651
3.50203
2.61108
2.45454
2.84528
1.48372
7.02284
1.31209
5.2517
3.34119
3.03611
2.86044
3.81062
4.69915
2.28661
1.54357
1.63727
2.29529
1.89674
4.1906
7.60438
3.15433
3.66665
1.69455
1.94325
2.59921
1.37757
2.66761
3.07344
1.63499
1.52668
2.94988
2.65167
4.18178
5.29899
3.90806
5.91237
2.96238
4.15124
3.40911
2.65183
4.0924
4.35747
2.80007
3.0498
6.01653
6.20228
3.65574
6.80368
3.19478
2.16617
4.55178
2.71749
6.50949
2.45988
3.24567
1.36322
2.92644
9.51657
1.96027
3.40988
4.52545
9.88659
3.61209
4.21709
2.28474
4.56646
9.54876
5.74491
2.47113
3.55594
3.3091
3.33909
2.59473
2.43504
12.3005
2.10644
6.7658
4.95695
3.07035
3.78781
3.06235
7.21833
6.80594
5.91952
3.7723
6.00832
8.81998
7.64412
5.03263
4.18417
4.20128
6.04725
2.97626
5.35907
7.35158
2.76363
3.10872
9.9526
12.1516
8.5077
10.5713
4.71904
4.87844
7.20114
5.38298
7.62182
19.0659
4.7318
5.47232
3.89806
2.39003
3.37377
4.44801
1.02136
2.71497
13.2517
11.9151
6.17801
23.2622
4.97492
1.97434
2.23931
2.61079
4.12635
2.51274
3.46597
5.67967
2.26495
10.4138
9.35428
5.4696
4.59559
3.88321
13.5753
9.16125
4.95199
1.6037
5.73187
10.4595
5.25043
18.7068
1.99936
3.05071
3.86882
3.16522
2.21549
13.4188
4.31443
3.5058
4.13802
7.49208
3.70535
13.8559
2.66008
4.86
2.76357
3.75833
16.9486
8.24905
3.87158
3.01608
9.36963
4.43844
8.5095
15.7553
4.13625
12.3211
16.0246
10.5461
13.0629
10.7438
3.57205
25.4962
8.29848
7.05662
3.77765
8.73422
25.4318
19.2615
27.2448
6.57773
6.23638
19.8514
18.2342
24.534
15.9529
14.8881
31.8506
11.0391
9.2828
4.47772
1.85282
4.40665
8.70925
5.52891
21.7478
17.2751
2.77015
7.92993
6.41644
5.68549
6.5411
3.41932
7.26024
6.69477
5.56238
13.5952
5.32465
3.14243
3.1965
2.68213
3.04373
7.16279
10.9694
2.62343
1.714
8.31166
8.99238
4.62375
2.95441
5.17558
3.27701
3.25274
11.9355
1.94574
2.44425
1.71507
10.9739
4.34888
4.22939
13.3754
2.50324
7.94892
5.5008
2.42887
2.98782
2.98689
6.00721
7.86853
10.8003
2.22834
8.66933
1.90706
4.08138
6.84968
4.20559
4.6598
12.6601
10.6541
2.6907
8.61724
6.61371
6.02085
2.54704
1.63314
7.31416
6.72599
3.68494
9.39298
4.51962
2.15162
4.32999
1.99542
3.27193
16.37
5.34828
10.1336
5.89482
12.6724
9.79111
4.52027
6.66231
15.3928
12.05
4.0446
2.92491
5.99816
4.16971
8.62539
13.0389
17.8812
6.16982
11.1359
3.21481
9.48993
9.56786
3.52669
6.97191
8.10275
3.07952
6.85935
4.89714
4.89152
6.01371
2.1936
6.05499
12.1874
22.4958
4.09078
3.21172
3.51286
10.877
8.99223
1.97632
5.86514
3.63829
3.71152
4.88811
2.02309
4.67304
2.02494
1.5725
3.15003
1.70682
1.9876
5.76591
5.08562
9.21404
2.46997
4.85861
6.50478
11.2598
3.75686
2.56143
2.49672
5.75609
3.32957
1.94491
3.07547
4.9932
2.28859
4.89743
3.16699
3.1209
11.1086
2.3301
6.79501
4.73433
5.15627
4.53759
5.08911
15.3964
5.45349
2.62245
8.28878
4.9775
27.0115
4.32433
8.38637
2.99181
2.40875
3.70126
12.5296
2.2636
4.34275
4.20129
1.68601
4.48712
5.39119
2.38638
10.5822
1.97128
2.68062
9.72098
8.66845
3.21606
2.70764
2.80521
7.13682
10.5208
4.18171
7.46073
15.0187
7.17055
2.2555
2.47753
4.23015
5.80719
8.30374
6.43341
3.07328
7.59433
5.65447
8.64452
2.5545
3.23861
2.9315
4.86421
7.25093
6.26472
10.4333
7.38547
8.76563
5.57106
5.51382
7.29085
2.43834
3.41018
4.61845
4.58252
5.32328
5.33381
2.81213
3.72402
6.75206
3.99094
4.13755
5.22121
10.038
2.67453
10.6563
4.427
9.19139
1.80896
9.16625
26.266
18.2039
3.36623
3.78198
6.22399
20.1482
6.1649
3.63041
4.23579
3.56657
4.36013
4.80913
5.39599
4.6149
2.47314
3.49393
5.02953
12.0978
5.27771
2.55691
3.03983
14.7871
3.68876
1.55324
7.3179
6.66743
15.3324
1.98616
12.3994
8.09037
12.0269
2.27203
5.54068
4.27745
4.29152
4.43978
4.19686
3.41747
4.54077
4.40162
2.65729
2.51256
4.72672
2.50853
3.73162
4.94401
4.86305
6.4672
2.89943
2.93662
5.70134
3.39553
6.46797
4.26299
4.3535
1.98938
4.79636
5.25142
1.73865
2.23174
2.35816
6.86715
6.55023
6.11773
3.29879
2.46781
10.4763
5.56863
4.7786
4.03373
12.0268
11.6214
2.94969
5.44181
12.8936
3.25496
6.16548
5.15519
5.33993
2.80634
21.5651
7.00071
2.39633
9.22203
4.34331
8.79648
5.10234
2.18132
2.56541
1.46004
5.30922
1.84973
8.378
6.49327
11.9762
3.41943
3.87235
7.3387
2.325
14.363
8.90084
5.2574
3.67663
8.40114
3.59454
6.7791
16.0032
2.1864
8.79748
28.6177
7.2312
2.65872
1.86747
2.18883
1.76226
7.30159
9.8182
6.89553
4.06818
6.78373
3.08998
4.07485
6.04356
2.76768
3.85342
3.95091
2.27225
1.32715
8.52196
7.40879
3.33818
5.82138
6.25665
8.86004
4.07484
2.44909
4.02564
2.01182
2.02916
7.57976
8.50583
3.61251
3.52803
6.91626
8.4623
5.62048
6.74171
4.7297
8.52133
5.31687
4.86598
14.3749
4.47909
7.33992
2.37967
7.77927
3.52195
4.22016
10.3434
8.75465
6.79038
2.28063
5.73788
4.94668
4.14108
11.2475
10.5935
1.43727
7.9499
3.12688
7.3358
3.96132
6.46346
5.09991
4.18085
8.03986
9.09272
9.09588
9.62133
10.2639
5.37527
11.083
6.07467
6.54483
6.60015
4.92934
4.21901
4.27399
4.68568
4.17754
11.6169
10.983
4.82113
12.4974
8.73687
17.7544
13.6959
7.70893
10.7226
14.7854
10.2332
8.4598
2.31183
3.67733
10.2479
3.5532
11.243
1.72756
9.25518
9.92594
6.91714
6.59934
6.02329
6.19344
5.83064
2.29685
5.88269
3.13052
10.0307
6.25601
6.33476
2.04794
7.95788
6.53749
2.81194
5.97186
5.38588
10.7415
5.11245
2.06896
6.2538
5.84241
16.6778
9.82727
6.08624
5.0505
3.90326
5.48888
5.75919
2.66576
4.86981
15.3014
5.23262
2.10047
4.69854
6.81564
4.99752
9.13054
9.62794
5.23914
4.68376
16.2192
2.71179
2.74624
16.243
12.6276
4.94704
4.9946
2.95746
9.10571
3.30661
1.76596
5.59431
3.48592
2.51766
10.8963
5.23222
9.60303
1.81884
6.09789
10.6062
5.27356
6.27975
7.63148
6.41481
6.49623
4.39932
11.8762
21.08
4.88466
2.19481
10.7672
25.9882
7.31939
17.9034
5.59038
3.98357
11.4783
3.12991
9.81872
9.76574
19.3321
9.65107
11.5828
6.0077
11.2732
4.76524
7.54891
2.55196
16.2752
3.18187
7.36272
10.8213
4.85886
4.27193
9.06796
7.84118
9.54037
6.33982
4.93433
3.00625
8.05678
7.55714
7.50095
2.17711
12.9148
17.5837
4.28258
3.38553
13.7706
3.55469
4.62903
3.2642
3.77862
12.0176
6.00808
4.42374
3.03271
14.2165
3.34155
16.693
6.22826
13.4868
11.9579
4.91145
6.06819
3.09567
3.97301
11.829
5.26017
5.50811
3.32424
5.98403
5.47413
3.51521
2.78704
3.90567
6.50252
18.3043
2.4308
4.60006
4.83778
3.56955
10.3441
7.8652
3.57466
5.47244
2.61128
9.7028
5.94672
4.26333
7.6157
4.8643
8.37774
5.69599
10.4971
5.72904
3.81591
10.3804
3.25521
4.87438
8.4642
7.36391
9.37893
1.61759
3.1158
6.27788
10.5933
4.31123
1.6758
10.1054
4.25574
3.23583
2.80574
11.4472
2.01529
7.18597
13.9901
6.50995
20.0476
12.3793
9.02166
4.74808
9.25065
2.54084
4.63815
10.1153
4.18455
2.20335
5.29057
6.21324
11.5944
4.84331
5.81716
10.8834
5.77744
6.55947
4.14703
4.41262
19.9573
6.97238
6.18029
9.5524
13.2619
6.51062
6.01877
7.51781
5.49061
1.88696
1.85981
4.31865
9.5122
3.64028
8.12727
7.92858
4.91484
3.5725
6.09348
6.75411
5.00476
1.35841
5.63516
3.63993
4.16566
4.68022
3.54572
7.86457
6.93281
4.09166
5.95851
4.08143
3.05539
5.95274
10.4672
10.336
6.95234
1.86807
12.4017
5.96258
4.45714
6.37629
6.87112
8.26759
6.3774
5.22312
5.24456
3.27271
4.65262
8.36525
2.72917
7.31981
4.22011
6.33918
2.71541
2.757
3.21424
19.0742
2.57274
8.6511
5.96123
4.72929
3.91651
2.68068
2.72203
4.85762
3.48892
4.94883
9.93842
6.13279
7.75841
3.62232
7.24563
2.52377
9.63937
5.67653
2.70818
5.81955
11.2243
7.47098
8.62395
2.80578
4.48123
4.97292
1.5286
3.23604
5.36266
4.75713
2.3749
2.47327
2.57823
2.47234
2.3392
3.35364
4.48381
4.1241
2.20109
4.82564
9.31237
4.85361
5.65565
3.30202
5.30105
14.079
2.65631
5.51034
9.38245
3.93706
3.62581
9.20313
10.4998
7.08553
2.84273
9.60624
12.8696
18.0866
2.79915
18.0985
5.07525
12.3577
4.52731
8.67115
9.65289
11.1771
5.61947
8.72386
4.20826
15.9602
19.8056
9.58277
17.4028
7.45865
5.77741
7.58557
7.76823
8.97296
10.8433
3.80353
7.94834
9.85876
3.31771
2.81151
2.99565
22.3182
3.92199
6.11925
2.21303
2.96241
7.65847
9.66116
1.74014
3.44714
3.23244
3.66758
5.06547
6.6067
3.35853
7.62064
14.1737
7.50587
10.5852
5.13412
8.17128
4.16725
4.74049
8.85066
10.3426
2.33535
4.02707
4.49258
2.98752
3.64173
1.88615
5.66418
3.68219
6.45823
11.098
5.87714
5.14362
4.7579
4.76489
1.2846
4.17328
5.23761
5.09739
4.48683
3.59092
5.05704
5.7678
15.4497
7.91091
6.19574
6.08194
5.01531
3.62299
6.62466
9.87349
12.014
2.42585
4.18154
2.82463
2.75599
2.68707
10.3676
6.60908
10.7824
3.03909
7.46544
5.77114
3.5472
3.53261
1.46752
13.7386
5.32397
3.46576
5.85687
3.88375
2.59171
5.73498
9.2482
2.82342
5.15871
2.31878
2.32716
12.523
2.63601
6.48938
9.1563
12.0848
2.18816
8.2858
4.54411
7.40829
10.2338
7.86964
3.23135
3.7319
4.19928
3.6941
8.34514
5.68277
2.65366
12.7938
10.768
11.679
8.76932
6.27445
6.46952
5.74974
5.81754
9.5857
4.49401
13.3364
6.97544
1.18382
5.40947
14.4605
8.09898
16.9844
10.2446
4.51921
20.5747
14.0792
10.1159
3.37455
1.92219
2.34756
5.26293
2.72067
3.86946
5.7359
15.9956
4.84412
2.76948
5.01063
2.70711
2.33779
5.49467
17.3748
2.57467
1.31352
3.63428
2.61828
1.21402
7.88771
10.523
4.12451
3.33383
10.9109
5.10603
5.09486
7.39329
2.93362
2.66376
4.14445
4.50343
2.95448
4.09283
4.93715
11.0215
2.77338
1.24936
4.38365
2.10557
6.09791
2.02179
1.80205
7.68054
9.03077
2.41295
7.44524
4.63604
9.05407
5.99027
9.3942
5.99869
8.33882
4.73352
6.1368
3.43931
4.42224
3.88508
6.30525
5.35218
3.37282
2.75097
3.14342
2.80709
4.48023
1.65864
3.74253
3.37086
2.39873
2.08619
15.7371
8.79625
2.30234
5.48373
9.87942
7.74078
8.70607
19.6997
15.8881
12.3063
7.59031
10.0035
6.70028
10.486
23.6685
1.28904
3.95551
5.02379
12.2575
10.6925
28.7589
28.8879
7.99001
10.9633
8.83321
7.44264
19.5622
3.3399
8.14907
7.01178
2.32801
33.2551
37.1937
8.33951
28.1622
45.0323
16.5968
11.2931
24.5303
6.48912
2.98044
3.5218
7.87794
14.4961
3.40487
4.91374
10.5366
6.79091
3.11496
9.18898
3.68882
13.5117
4.79074
7.37322
7.57009
3.72306
7.04797
4.77144
3.26882
8.05495
11.9485
6.69137
13.4722
7.0022
11.6091
7.79581
4.66993
2.26955
3.26564
13.2826
18.7397
7.81043
13.5852
4.56614
6.62491
13.8874
1.44862
3.36997
7.43816
10.0915
6.32329
3.13944
1.80268
6.84593
6.68909
1.96282
1.88869
5.53759
1.06821
7.07443
8.7389
5.26935
4.0518
4.37059
9.5066
5.52126
12.2856
3.01765
14.4837
14.2385
9.55565
7.5548
8.35073
21.2083
2.94719
17.2811
2.83606
10.8359
10.2969
6.43506
10.3678
5.95691
5.80497
25.2415
11.3189
3.33393
6.34462
6.49558
3.18187
7.7105
6.50815
8.15163
10.5878
6.43393
9.68698
11.0604
10.4308
7.07939
2.01903
6.9033
4.62559
3.54721
2.68396
7.07037
4.14732
9.90962
8.77246
3.24283
2.30023
3.47416
6.74985
7.60932
9.55317
3.74095
2.00669
3.95531
3.72849
3.06528
1.30759
5.88236
5.95895
4.18203
9.78882
3.25843
2.75101
3.56624
1.47324
7.47197
4.3059
13.1998
5.69901
2.86381
3.66278
10.3369
8.06372
3.45807
4.23555
4.63246
4.17181
7.33987
16.6493
4.04581
17.3668
29.5627
3.43603
1.91722
4.9676
2.96089
3.55501
8.67701
5.23159
4.39039
4.82122
4.71332
7.91284
7.45581
4.7096
1.90206
2.37073
2.0639
3.03976
2.73192
2.69411
4.86311
1.72846
3.46961
2.16992
4.19802
5.0873
7.8336
5.79548
3.37044
8.76338
8.30341
6.28323
3.2463
4.52864
7.44659
4.75877
10.6988
4.36358
4.21381
5.01221
2.64982
3.65126
3.10706
8.38373
3.66111
7.04668
5.88119
1.81328
4.60795
3.01184
17.3928
2.62351
14.4335
2.31824
2.46332
8.18795
2.00758
2.20047
5.3116
4.32071
3.13295
1.57066
2.16326
1.75506
4.05747
2.64998
5.82314
2.66813
1.69985
5.33258
1.74233
2.49376
2.88171
11.9214
7.33988
2.49043
3.0504
4.84988
4.22841
3.31731
2.58916
3.47961
5.38995
13.4399
2.11322
1.13999
3.53301
6.60718
14.3452
11.1543
7.93806
6.76883
11.4828
7.87383
7.25353
8.95338
7.06367
3.03503
5.18084
9.38502
5.81526
8.4544
7.58643
21.7591
8.99158
20.0538
8.42395
6.13977
8.90972
2.45151
11.4318
15.6921
5.53635
4.39078
4.85271
12.7864
3.17254
3.96188
2.58726
6.06864
12.8818
9.77402
12.7809
9.21032
7.58257
12.8135
11.2267
5.60725
4.67474
10.3084
7.61401
4.63869
5.59301
4.73341
14.6394
3.36851
15.7679
7.16324
2.35845
4.52287
4.90475
5.83341
4.83581
10.2359
3.65334
4.67223
16.9082
7.57062
13.788
8.00091
13.5031
8.68383
9.47891
4.97645
3.03157
1.43908
6.98845
7.00125
8.22793
5.57147
4.4945
6.48
4.76761
8.43272
14.6312
2.17518
3.22695
4.07095
4.11983
9.89768
7.7666
4.84649
5.06492
5.05404
7.17746
5.72125
4.33882
5.30727
10.2705
20.9612
12.6403
8.3186
4.46811
3.06496
3.35327
11.8811
10.4024
7.73693
5.81483
14.9683
14.9666
9.21743
9.53924
3.19417
6.16219
6.30166
7.19709
6.98487
7.8806
6.65193
6.44491
1.94392
10.2464
10.2219
30.921
8.84939
7.63445
13.6229
6.67205
16.7913
12.1198
14.894
21.0444
10.7655
7.55773
13.3587
12.0121
15.0954
4.19134
7.5611
8.94345
8.68743
10.5714
8.55456
3.31035
6.87355
8.58705
15.6588
15.4021
14.5315
3.10889
1.07035
8.63379
3.00301
10.8603
5.93412
9.9783
7.20786
8.61074
7.90905
6.27169
5.77085
3.05201
5.82046
11.5216
9.09337
17.8683
16.3458
7.61953
9.62469
1.93179
8.92961
5.25738
5.9606
6.62489
5.02695
1.75232
6.19981
6.89804
9.72584
4.17802
4.55191
6.58328
3.29556
2.16211
7.03724
1.13444
10.2729
3.83934
3.70876
3.23267
2.36799
5.90611
2.92045
4.8793
1.93172
4.68184
1.44468
7.80656
5.72144
4.88603
5.07905
7.07541
3.15477
4.81162
8.97744
7.5091
4.60253
7.93823
1.64963
2.94788
4.66581
5.28616
4.58166
6.49277
3.43874
3.13196
6.75817
3.10111
4.22599
7.34922
5.60829
2.88014
3.96356
5.27823
8.35086
3.67933
3.95883
5.25703
4.61057
4.25663
11.5588
2.30231
3.80239
10.1861
7.31306
7.56768
4.4917
3.18183
2.47267
3.99021
4.73579
2.31879
5.14472
4.21445
8.30414
1.58841
3.85128
4.18156
3.83446
3.14318
6.8256
4.52942
2.44706
4.49298
1.61088
6.27443
6.61879
1.86494
2.34267
7.84394
2.74666
3.38279
1.47781
1.65006
2.67698
6.37062
6.35446
6.10451
7.84086
3.81
4.60735
6.05413
2.40919
3.02084
7.74071
2.9629
4.14199
4.05816
2.96925
1.96876
14.5794
7.47242
4.87036
8.95212
2.85234
4.8041
8.05182
9.11647
4.75071
1.12576
2.56566
6.76413
8.67085
8.3049
1.27456
1.60012
7.30752
2.54954
9.04525
3.00577
7.15624
2.52532
3.75744
8.64027
3.40355
2.26275
2.61144
8.80167
2.07504
6.88703
4.47893
3.89717
7.5793
5.68639
5.87828
3.69475
6.28913
8.48574
9.53238
3.29802
8.25957
14.6022
5.74286
10.4667
4.03312
5.91638
6.48195
8.6367
5.87487
3.59749
5.1048
5.94123
8.67507
3.22384
11.366
6.35434
4.77187
7.23111
2.47299
8.79709
7.03969
3.06251
15.1863
10.0098
4.05721
13.5648
9.07699
15.7398
8.18453
4.82755
6.53753
5.17806
12.6887
8.2355
6.17084
7.95804
4.60253
6.94234
4.956
5.16074
3.08908
3.2309
4.77166
17.8961
8.37146
4.3641
7.06199
3.65566
3.87693
11.6082
14.0186
4.63882
10.5089
3.94918
5.89846
9.93827
6.0772
3.47076
7.64994
10.9392
8.55878
5.13854
5.97125
11.7656
4.34186
9.15535
13.0953
3.08541
10.1115
5.048
9.50505
7.29959
3.15379
2.48002
6.50627
7.17868
4.70954
7.74199
12.0225
4.02297
9.77286
7.55394
8.48207
2.43104
6.18054
3.63052
9.5629
5.61707
3.24544
5.65402
3.53618
2.53774
7.809
6.88131
8.52545
3.38251
5.29357
11.6839
7.73346
8.01008
11.9621
3.64076
2.64473
3.52138
8.20294
4.43
7.4175
5.60482
6.55212
11.8588
1.32997
5.6322
6.70527
18.3558
1.16274
8.58598
6.8053
13.1733
6.03461
8.60283
8.54564
3.92485
9.66427
10.6908
2.9548
5.97963
5.79705
6.90401
5.13889
9.13712
4.72573
7.18904
11.6741
28.389
6.78743
13.5075
8.84175
5.85843
2.74979
6.99874
28.1406
12.9523
6.75618
6.4272
6.21267
10.9069
8.50202
11.458
13.6367
7.64407
9.82
5.28917
1.15008
3.64807
16.2005
16.4627
17.7133
8.91066
4.33324
7.62137
2.73012
5.99496
2.15282
5.72525
9.12305
6.94025
15.0913
4.55977
4.85019
11.8268
5.23735
5.87423
10.2098
19.6498
6.03885
5.73015
20.8704
6.3601
11.8421
10.1471
5.47334
9.18823
23.0337
21.9892
13.413
17.7106
9.40279
5.66967
24.5295
13.7765
11.3919
9.73303
6.13325
2.92927
6.11235
8.42763
3.98688
4.52715
9.06892
4.15668
4.84811
4.73137
4.44459
6.55749
6.24061
2.20672
2.25073
3.67922
3.29298
1.28125
2.66245
1.73605
7.52019
3.16386
4.93042
3.14066
2.70715
7.38436
8.74251
13.1224
6.10298
3.12144
1.18875
6.88282
1.96858
14.3833
5.23033
8.68827
3.77686
2.47195
2.4351
4.48062
1.54104
10.1796
6.47165
6.3265
5.4209
3.66519
6.85256
4.39326
2.5466
3.59116
2.5819
1.97685
5.78301
6.86625
7.44607
3.05816
3.77036
3.3311
3.46961
7.92257
4.03364
8.8848
14.0411
4.25846
8.10658
3.58983
6.67335
1.08173
3.5287
2.15276
3.98217
10.3215
4.10744
1.31754
5.87541
5.89876
3.77862
5.38741
3.73101
7.31215
0.872157
5.05593
2.69928
6.08674
4.09925
3.08255
12.2914
5.39051
5.13629
3.27439
3.15937
6.55829
4.27061
5.7661
2.62728
7.56953
3.38318
5.03052
7.10479
1.89091
4.90442
3.82383
1.85335
3.80425
11.4692
9.88798
16.5169
3.36394
2.12999
3.48545
5.91259
6.55001
4.44751
4.66129
5.47039
8.58855
2.73927
6.2536
2.65812
8.37048
6.57747
7.6991
2.80531
8.16906
7.98218
11.9269
6.81452
13.6592
8.43469
2.66549
8.01189
4.5471
10.911
13.9659
5.2786
6.15711
4.03535
8.16405
23.9388
3.82004
6.26135
12.3416
16.0398
5.16171
7.38416
11.044
2.27669
2.43529
3.72618
6.96085
3.74641
6.2241
9.59569
3.94044
5.20551
4.9063
9.11581
13.2052
8.52611
11.242
3.44011
12.695
17.6642
2.50083
5.53309
3.89768
9.05167
4.8027
5.2564
2.22263
1.79221
9.20356
4.08712
2.28617
4.0388
6.56565
8.33271
6.69858
3.41672
6.78717
4.39244
1.93019
10.4958
11.0379
8.50086
1.86045
9.97826
3.23363
15.0037
11.574
1.66069
10.035
6.26431
4.04402
6.47996
13.4899
10.0145
7.74289
2.64867
2.31219
19.3873
7.33373
5.04271
5.5274
3.70226
2.8941
6.40655
3.43666
2.98337
2.0091
5.37158
4.91312
7.71609
8.93593
4.49165
2.19158
4.49596
3.62356
3.40558
2.92953
9.38152
16.3227
2.46476
2.23535
2.92427
1.40863
6.20603
3.98511
12.5591
7.6644
4.31072
6.11043
5.44363
22.3326
9.04149
8.2375
7.25051
16.0175
4.11382
7.41182
3.36192
12.1218
18.5298
7.44116
3.65329
13.0428
11.9205
8.43382
19.8243
8.27739
4.85575
11.7888
16.1101
7.00712
4.8926
3.55307
6.57077
3.65437
10.5067
4.68862
15.3036
3.86819
6.22151
4.74608
2.88691
1.86714
9.59608
5.25774
2.94401
3.59672
1.75922
1.84486
5.21568
4.83472
2.50847
1.47738
3.9735
2.43228
5.11631
4.64981
6.86939
3.29943
3.84632
6.51205
6.88142
10.2363
3.17289
3.30974
1.22472
4.48965
2.27825
4.94064
4.49336
3.95523
7.70545
4.66102
3.45408
3.44588
3.63767
3.72935
5.95624
4.01992
7.39813
10.668
2.48688
8.69802
2.66403
6.97494
15.2341
5.44387
5.01495
4.55205
3.5699
2.63519
3.63876
3.81569
5.44671
2.29816
5.95151
5.05583
2.30097
8.60679
2.65003
6.35419
8.7452
5.55321
4.66406
10.5416
8.29101
3.15367
1.87856
1.75516
16.8113
2.10975
1.57953
4.93573
4.40148
2.01847
3.74091
2.33715
3.78111
2.72797
7.78521
7.54892
10.0215
2.43032
8.13525
11.9935
4.43611
4.3553
5.54706
3.05446
6.04902
7.82784
3.58701
3.14926
3.75111
2.60542
8.21854
3.70381
2.82761
5.94533
4.96287
10.0183
5.36346
1.41011
7.71656
3.33815
3.56619
3.45418
6.1391
6.6156
15.1901
7.3004
8.03556
4.83007
0.855092
3.26301
11.7608
9.02273
13.609
10.0108
6.6714
9.97659
4.76061
2.31338
6.53572
3.1717
9.25823
7.18945
1.17664
9.77593
6.56308
3.04124
5.15671
4.1273
4.88507
5.04127
4.74859
6.0073
3.55908
6.11826
8.13495
3.19332
9.27036
2.70531
6.84758
4.86775
1.5434
7.66141
1.70813
4.75275
7.37636
4.69798
5.16843
6.42841
3.31039
1.20914
7.14338
8.22967
9.75303
2.07721
11.4082
3.56383
4.9207
8.40344
10.6162
4.97616
3.205
2.22404
1.81203
5.98466
5.24732
5.03429
7.46927
8.13893
2.17488
3.45321
8.7631
4.90902
9.6993
9.36546
8.11964
4.71689
5.58949
4.59451
5.38544
8.49999
6.40375
4.65444
6.90499
3.31981
6.14564
3.25375
7.61609
8.82155
1.91184
7.23192
1.91261
1.96265
2.60795
14.8161
14.5642
7.03048
12.5694
4.73622
3.6309
1.50691
2.90176
6.20819
4.75395
9.11407
11.6283
3.98764
10.9165
3.83963
3.34532
5.59776
9.49419
2.65192
2.13657
3.19129
9.52755
7.40802
3.64843
1.87993
4.18719
3.24138
2.22979
4.32602
10.6205
5.86898
11.3293
5.01974
3.7952
2.79631
3.43861
3.53577
3.97234
2.83213
5.68999
7.70983
3.27315
2.7977
4.3353
11.7478
22.1378
11.1515
16.1974
7.07213
3.82591
7.85179
3.5251
4.01167
12.2629
4.72094
3.44545
4.43767
4.92274
3.58017
3.42023
3.17298
8.12508
10.3588
6.22719
9.44534
2.92033
5.4727
6.61671
15.7575
6.16702
7.6904
3.08027
5.62041
7.24002
8.95101
3.21397
3.32878
4.29564
4.31393
6.03338
11.3275
4.62724
6.60206
7.7683
1.66096
4.94081
10.8825
2.72819
4.02233
2.77347
5.92774
3.08055
1.23264
2.70727
4.13824
3.07028
1.92694
1.95183
10.3003
3.47763
2.34845
4.3055
2.27527
3.51784
4.96794
6.24284
6.90365
6.60511
4.78839
3.17483
4.86246
4.34631
5.35883
14.2993
5.97236
21.4624
2.88529
5.06121
28.8357
5.26951
7.97152
6.92501
8.71177
10.748
5.90174
1.82866
5.24283
14.4018
4.16973
7.38467
6.19628
2.88164
2.06618
8.26315
6.41191
3.89526
7.54986
2.47806
3.78502
7.75441
7.30663
4.66092
7.02233
3.13571
9.4685
8.45263
6.10636
7.54639
6.40311
7.98747
10.9607
10.1768
6.50739
20.0518
2.27211
8.6475
13.0001
8.96462
6.52693
3.85685
8.7014
9.33426
3.36208
2.02505
5.38371
1.57354
7.55253
5.23633
11.4867
4.00939
7.42478
3.19699
8.043
12.1648
16.0807
5.52087
4.9006
1.82192
4.08991
3.79282
8.67891
4.12305
8.18161
11.7462
7.93579
3.54398
6.17112
8.42536
3.56327
2.79813
4.50432
3.14336
14.6441
1.3544
3.56096
4.03356
1.74349
6.17528
7.41984
3.54262
3.95379
5.74517
5.8405
8.98237
5.89071
4.89232
1.33347
5.41308
3.80139
8.51963
6.10837
1.33459
10.3542
8.177
5.98531
4.08083
14.3824
17.5933
9.27959
12.3876
13.2655
4.50159
10.6491
3.7344
10.6132
3.52418
7.68511
6.8297
11.8979
6.34287
7.72769
2.79668
2.44881
3.16718
8.474
4.45571
7.29952
4.79535
3.79281
5.05513
8.13046
6.60873
3.09472
3.04502
4.00193
5.44093
2.9652
2.91794
3.72805
2.92036
9.02858
6.16235
3.91469
10.4844
3.63984
6.0213
2.35683
5.0812
4.2535
7.37734
8.76772
3.67118
10.7827
4.50308
4.77855
7.29644
3.21089
31.7526
23.2686
6.99755
5.23761
2.83364
8.20232
2.08954
20.856
21.9851
8.15453
20.4768
3.2613
14.4361
2.45236
4.90414
8.82502
5.85452
8.08717
8.31548
6.39195
5.07757
6.10859
12.6362
3.04919
9.72264
4.49826
7.18873
5.66961
3.60913
8.93427
2.78573
2.90974
4.23941
2.00375
5.95041
2.69927
4.89082
12.6329
3.53466
1.46
4.4887
9.8232
5.88405
8.70237
4.56577
2.90376
4.9554
1.73555
7.39649
2.83498
9.16344
1.75677
3.42512
2.39783
7.31843
3.26455
3.34063
4.91159
9.61159
8.68094
8.99539
19.3593
2.73139
5.52738
9.33231
6.75756
3.77777
1.32208
1.12907
8.88282
5.39818
5.7905
7.0117
6.0539
5.65455
3.31974
3.69054
1.65418
9.45294
5.05732
8.83777
3.10427
2.80431
4.50857
5.37013
1.79087
2.61924
3.75985
9.70173
1.56177
3.38836
8.35074
8.73498
2.8107
5.93905
6.04709
7.35899
6.44641
4.1184
2.75832
4.74017
4.35526
5.90617
5.51664
3.5469
4.67018
4.01449
4.91045
9.3655
6.00808
4.1211
4.73277
4.8251
5.67761
7.52099
2.93972
7.09198
1.74574
6.66952
6.97095
4.26547
1.25441
5.13988
4.66525
3.0571
1.74941
1.65384
3.66421
1.45752
7.286
4.26333
3.35965
1.58738
4.93887
3.50652
9.90759
4.32422
1.64059
1.32635
4.77774
7.8867
2.74345
4.70891
3.4849
2.81898
1.13038
3.53909
4.17732
3.60197
2.66151
4.28915
7.30078
8.95235
5.7969
1.85773
2.82788
4.40252
14.0975
1.32587
3.76468
2.30487
6.73355
5.26732
4.75887
8.07561
1.40636
0.864305
5.53254
2.20577
10.0705
7.27253
5.25706
1.94226
6.12778
4.77968
3.67918
3.93595
4.95897
6.80898
5.39594
5.82718
4.45894
4.44164
1.96275
5.58544
5.58048
4.64948
7.39534
2.95684
4.28158
4.57687
2.77559
2.16047
8.26586
8.77797
3.40752
1.4588
5.27274
8.51795
2.16895
14.7487
1.53492
5.21108
4.41687
4.09606
7.51837
3.20764
1.99583
3.17615
2.47501
5.32526
2.53172
3.50609
5.82051
3.35965
1.41961
4.45894
1.43776
3.47429
1.59139
5.44902
1.29651
4.14554
2.4435
2.48317
3.57854
1.31092
6.32161
5.47026
6.37752
3.31457
1.67066
4.34936
6.07081
9.81464
3.93362
6.89005
3.03442
1.28673
6.35418
5.64174
2.34747
2.00775
2.32287
5.86498
1.99246
6.1147
2.0281
2.99438
10.6275
6.55308
3.55009
5.55485
2.40905
4.17437
2.94099
3.29204
2.08
3.2609
2.95681
4.27368
4.34586
6.14791
2.85422
3.48466
5.29144
14.88
2.02031
3.72292
6.5213
6.48467
4.52017
1.95662
3.192
9.31047
5.36332
7.70107
3.63576
3.4604
2.42747
2.52565
1.951
2.57068
2.73125
4.02272
3.47714
10.1008
6.01422
2.43919
6.94849
2.48413
8.85842
2.74278
1.46364
5.64861
5.43434
4.25286
5.56253
3.05634
2.3168
9.87908
6.84935
5.40531
4.19478
1.66948
2.79207
3.95618
2.34331
2.4217
7.11124
5.88742
3.36391
5.92621
2.39708
3.2522
2.29836
12.9388
1.58334
2.49613
5.96298
2.40076
1.71432
2.48323
4.30837
2.55467
7.38971
1.7915
8.15974
1.73083
7.27355
1.36089
2.99435
8.10575
3.74686
4.26978
5.52794
1.04075
2.02011
1.41659
2.85144
6.12242
10.7912
2.54828
1.75317
3.83361
7.40821
2.42887
2.58908
7.36293
8.55897
3.82653
3.32192
6.36951
3.05752
2.09053
3.96132
2.16366
1.81084
3.84555
7.69085
3.97018
3.99096
4.32813
3.76637
1.99661
4.15958
7.61031
4.46826
7.35315
3.05163
3.34991
4.82434
9.42252
3.12786
4.22233
2.36579
3.20636
1.66467
5.48871
7.61597
5.38916
1.77076
2.53181
1.68703
5.88824
2.02967
3.68675
3.41602
1.99191
1.42798
2.14846
2.24962
3.70613
7.18449
1.63494
3.16777
4.1831
2.69167
3.5223
1.97429
2.02535
2.24703
3.23077
3.24525
3.11092
1.49333
3.05659
1.49961
4.37493
5.52105
2.36955
2.71567
3.35036
1.43852
2.72809
1.82254
1.96087
3.0217
2.31496
3.83188
3.68173
1.75682
1.93222
6.52722
3.97955
2.54648
3.72444
2.61971
1.6214
2.38696
2.69821
2.98471
3.73608
5.32644
5.64958
3.20828
5.22632
2.42323
2.16567
6.08963
9.28633
5.38094
4.76082
4.18354
1.90796
1.71471
4.13883
5.45433
2.00383
3.21011
3.73762
2.16095
6.46072
3.34957
2.62367
3.80423
3.94799
2.62041
1.47803
1.57396
5.23791
2.4788
11.1571
1.63035
5.6622
2.008
3.58454
4.00314
1.4898
3.50092
9.78001
1.89785
4.36566
2.9828
2.47625
6.43087
3.19473
1.62045
2.51096
4.41152
2.34117
2.37169
1.58992
1.8071
2.38225
13.3862
2.92773
2.75064
2.46218
3.36228
4.09627
8.4641
2.33812
1.53368
5.14754
1.9111
2.25379
2.53925
3.04543
2.41535
4.39494
2.31881
4.41523
3.44492
2.38768
5.41814
2.42427
1.77971
4.33902
2.09137
1.13762
2.22791
5.9783
4.32014
3.75179
3.00213
2.22169
8.76496
2.06327
2.87601
1.63911
1.63989
1.7312
1.92405
3.06311
4.9247
1.54661
2.12593
7.44997
5.91927
3.3065
4.38301
2.13359
1.54871
2.11349
8.49426
6.9467
3.08163
4.41321
3.98543
4.01141
2.00549
1.91388
1.99747
1.50794
2.42022
4.8186
2.35526
3.40699
2.03295
1.65262
2.61446
1.84719
3.18079
2.67532
2.33623
3.58014
1.79992
5.23161
2.75564
2.94256
4.19171
6.25921
2.71631
6.89512
2.11597
1.60158
3.60941
2.76821
2.68297
2.13005
2.9197
2.80597
2.00136
6.84453
4.07336
3.47053
3.95328
1.82096
2.84386
2.05092
5.42863
11.4999
2.02218
3.57997
2.97137
2.09382
5.58192
1.78212
2.55664
3.72687
1.7963
3.53514
2.632
3.53644
4.19222
3.42042
2.05013
4.30691
2.00063
3.40994
3.7516
2.30067
8.9487
4.40493
4.07467
1.43089
6.84207
4.8248
5.4481
2.09764
1.48165
2.07095
2.80371
3.22198
2.34194
8.34201
1.62851
1.45287
3.1897
1.77199
2.30582
1.77105
1.98009
1.99297
1.63309
3.27507
5.20699
6.53234
4.39054
1.99496
4.43368
2.18012
3.76808
4.1835
2.28951
3.06582
2.78557
8.34105
3.33951
4.2201
2.8235
5.97417
6.25709
1.7793
3.26257
1.92381
1.20532
1.55838
3.54128
1.61496
1.24655
2.23976
2.55738
2.18328
2.19013
3.06158
3.26546
3.97432
2.83741
2.5676
2.46915
6.20749
2.19691
2.59571
3.85423
5.37924
2.45638
5.18155
2.28167
3.23123
1.69994
3.07217
6.87954
2.06273
2.21141
7.58117
1.43241
2.58184
2.60275
2.25843
1.49588
5.14628
4.48118
3.99536
2.59318
6.8985
2.31594
5.33891
11.1634
3.00995
1.66309
4.42496
2.70678
3.63184
4.02138
10.7771
5.8447
1.74469
2.89701
5.17199
7.68332
4.89087
2.24384
1.34004
9.57831
4.30151
5.95565
3.21315
3.2077
4.33663
2.4993
3.38733
1.66272
1.55477
15.3866
3.1718
2.10023
2.57159
4.26948
2.45814
2.14032
3.06
8.08286
2.46269
7.20811
3.76535
7.85785
3.18088
5.81498
3.01252
4.88677
4.23785
2.39523
6.13076
5.23912
18.9257
4.19602
4.95644
4.74782
2.88916
8.50012
4.21769
8.28032
3.66248
2.85837
10.8835
2.78425
1.67769
1.85146
1.53189
1.67546
6.44126
3.90596
1.73891
1.61543
1.69813
3.76806
1.86627
4.74957
6.59578
2.62097
2.14185
1.55596
2.80745
1.79623
2.07822
3.16079
2.43718
2.55023
1.94987
1.3207
3.48999
2.07955
1.41507
3.44263
5.57659
6.68196
3.01903
2.41214
7.8135
1.90293
3.78783
1.58843
5.90317
5.86602
2.68917
2.83527
2.47753
1.93093
8.68978
4.35528
3.66106
2.93448
5.92653
1.25232
4.65043
4.54317
2.9257
5.93697
3.8203
7.95484
3.59667
3.4793
4.13727
5.29573
1.85397
5.65091
1.86511
10.3498
6.15008
3.96393
1.78953
3.8625
1.61474
2.34499
8.96396
4.55109
8.11053
7.60699
13.7366
2.40055
3.25971
1.74311
4.11947
15.1173
12.6726
1.50502
1.5773
1.91629
1.48992
1.76113
3.51912
5.64288
7.67764
17.8956
2.64413
2.03594
5.23558
3.84847
1.55588
3.33191
3.53885
3.10534
2.51996
2.95316
1.94806
4.32141
4.46975
4.18697
2.07159
2.35169
2.68855
2.36122
2.82045
8.53902
3.06868
5.43211
3.52242
3.69126
4.98461
2.64786
2.41952
1.89647
2.94519
1.74849
4.87627
4.35468
1.95272
1.54033
2.77067
2.81398
2.58289
5.42286
5.85665
3.08874
3.92158
3.07738
3.63409
1.62171
2.76753
4.98447
1.5097
2.16567
3.29171
1.95513
1.80377
3.88297
3.61841
2.42837
2.11276
1.97873
3.32624
2.13806
2.8456
1.58578
2.33901
4.43056
2.98931
2.08825
2.37613
1.865
3.82143
2.59728
1.76282
3.96223
2.60298
2.40805
3.30615
1.91976
2.04563
2.2924
1.60399
2.53967
2.17916
4.28681
2.92671
3.87597
2.06306
3.10355
3.36926
1.74489
2.50005
5.6322
2.08917
1.97499
2.41144
3.19246
3.18956
3.2605
1.95922
2.1649
6.21017
2.65134
1.79893
1.70022
2.07585
18.1666
2.84249
2.07603
2.80483
2.07177
4.41825
2.40632
2.35691
1.82257
2.29143
1.77082
2.56094
6.27701
1.94696
1.66429
2.31847
2.10727
2.98454
4.29911
1.88131
3.03375
6.74814
1.78439
4.45039
3.42858
1.92341
4.18936
5.10693
4.16312
1.77923
1.74669
4.39017
1.50861
2.08598
1.79292
3.00073
2.27305
3.73009
2.16495
2.70461
2.92845
1.78565
1.64752
2.35718
3.31475
2.46251
4.05574
7.16552
1.84094
1.76995
3.35617
3.43684
1.27409
1.83532
1.66027
3.67127
2.96004
4.38663
2.02998
1.3491
3.28129
2.63714
8.39197
2.94605
2.1325
2.1379
1.96872
2.18221
3.95421
5.59061
2.17224
4.95671
4.70814
4.34899
3.80343
1.56346
2.21953
2.88997
2.01784
2.11036
4.48251
3.64697
4.94491
8.83563
1.78512
2.73455
2.47784
4.82969
2.5672
2.55381
2.34504
3.49855
3.17423
3.73976
4.3656
2.08214
2.27526
3.38924
1.9232
3.15959
2.05362
1.5878
2.11824
3.56348
5.05796
2.04309
4.21682
1.26457
2.28749
2.90082
3.74334
3.30708
1.59982
4.04082
2.91416
1.61571
1.81145
4.5212
2.6087
4.30428
2.73233
3.12326
2.27989
5.00002
3.34028
2.52265
5.47443
4.82287
4.92318
2.92587
8.98075
4.30513
2.41308
2.92767
1.40834
4.34432
5.42412
4.63621
4.027
6.51235
7.75999
3.91423
3.31606
3.33179
1.87616
3.73856
5.18913
3.96786
14.5945
5.79339
4.03383
5.75796
2.06825
5.08499
4.77856
5.30033
5.26149
3.3276
4.29054
2.9697
5.1153
3.60036
1.55822
2.6345
5.59807
4.09199
1.63087
1.84822
2.10331
1.84974
1.78004
2.80581
7.7498
4.86858
3.74673
3.82385
6.19446
1.89326
3.41092
2.16272
7.50785
3.71099
5.2324
4.08376
3.12232
12.6125
2.39789
2.00093
6.61609
1.83533
2.62308
4.593
4.86943
1.58362
6.28554
3.52708
1.64105
1.79334
3.31926
4.24011
2.80738
5.67034
6.07034
5.40664
7.62578
2.03752
5.1896
3.82862
2.54672
3.38928
2.86659
2.17192
5.88423
5.12964
2.70018
2.7606
2.48311
3.16766
3.91609
3.72981
5.32149
5.14667
2.15084
1.33558
2.37762
2.16342
2.52601
5.23801
2.25624
8.7466
1.75206
2.84273
5.27755
3.40407
2.5526
2.84414
5.39591
3.14046
5.53105
7.64418
5.14683
2.8053
1.86793
1.89502
4.78888
2.70509
4.78382
3.84029
9.08511
5.54347
7.233
5.2766
5.86596
1.90525
9.50224
4.71284
2.08683
7.87961
2.00772
2.13966
4.43839
1.30435
17.4067
3.53391
3.75472
2.40605
5.07251
2.0643
6.12515
5.01559
3.64677
3.10104
8.78038
3.89764
5.06608
4.53734
3.75895
3.79976
3.66413
7.022
3.47905
8.52086
4.86058
6.21795
3.8183
4.19262
2.10042
7.14598
4.22402
3.25261
3.71183
1.37292
3.53127
2.45301
1.81776
4.89498
1.65495
2.21229
2.40812
1.87129
2.22185
4.39622
3.31869
1.06761
3.77614
3.92182
3.35758
3.93844
3.5488
3.97855
3.90529
1.99983
5.26534
2.86667
2.79843
2.23116
3.71016
5.88043
3.60914
7.39952
2.95245
2.84553
5.04211
9.32647
3.63417
1.97736
4.74966
4.57443
6.21944
4.89642
7.66467
6.36941
4.50064
4.18556
2.00883
1.65238
2.93911
6.02815
2.57218
1.12677
3.16568
2.73955
4.65369
1.47273
3.02666
4.73597
3.179
9.6364
4.5048
1.8804
3.08087
3.06089
2.32572
2.57613
7.14152
3.65384
3.26649
2.92931
2.95106
3.90543
2.83355
5.17812
3.35106
3.41352
2.00546
2.65254
5.48249
6.71607
7.57078
4.10598
5.61901
3.4719
4.57803
3.68963
1.52595
5.86766
7.19151
4.23254
4.45183
8.53067
3.41571
2.55599
7.30559
3.44775
1.7691
3.87233
2.48031
2.62066
4.8863
3.51914
4.47856
3.27006
1.6131
2.55214
5.28521
4.86977
5.27562
3.46001
5.31097
21.3133
10.1039
7.88239
2.23791
4.43488
5.12685
11.8835
2.344
3.33436
7.21836
3.58709
2.16089
10.6186
3.56937
17.6478
3.09691
2.14846
5.22084
1.36037
4.33842
9.25695
2.44227
1.61787
5.32231
7.87766
3.40574
17.0321
7.04937
13.51
3.11714
2.55764
4.03026
6.93901
1.81356
3.28115
5.32522
4.91985
4.54781
2.56503
2.32413
8.92512
5.65958
10.2049
9.5216
2.80578
8.72308
10.4531
12.5615
13.6877
2.81593
8.34701
5.30755
3.6381
1.88973
7.63539
4.29486
1.57205
6.31644
7.20302
1.38374
4.90131
6.81824
14.5227
1.37887
3.42082
8.44129
3.654
3.11602
10.06
10.9225
3.49791
3.46907
4.68853
10.1525
2.11991
3.88177
1.49524
2.17133
7.63323
5.34657
4.33303
11.277
9.71037
3.6327
7.91215
9.85285
1.4555
1.49827
5.18141
3.67401
3.51414
4.93068
4.30419
6.92122
2.67655
1.41059
6.75667
7.03298
3.56796
2.55466
2.32408
3.06401
3.86033
2.61672
3.81409
5.7349
4.53274
7.9668
3.68385
11.9974
2.02141
1.63545
8.65198
4.87646
5.83144
7.33813
4.13072
2.84287
3.92516
10.0331
4.90709
4.42018
3.79491
5.14797
1.94054
7.09786
5.69885
20.1459
4.09866
5.84225
2.75114
2.36995
2.95218
6.15881
12.187
1.97231
4.32866
1.2684
3.54539
5.25425
4.14794
4.78123
2.33109
2.34108
7.02824
4.0064
1.94686
3.27849
2.41484
6.87349
3.35415
3.13452
4.54674
1.94993
3.11157
2.53757
6.0725
5.4602
2.41646
9.39964
6.42952
5.4925
1.86854
5.12429
1.73522
4.12416
8.06435
7.00666
2.9935
2.57307
6.15144
2.43205
2.94402
5.04914
4.56314
4.79654
2.1509
14.1559
3.23852
2.30887
2.08664
3.23504
2.58084
2.36135
1.64876
1.69972
5.15091
2.62688
1.71775
4.53379
13.6885
3.02692
3.4222
8.09819
2.54153
2.92012
2.9076
1.83661
4.75292
4.56817
3.88862
2.419
4.68632
1.93516
2.57713
4.64552
3.22243
7.72004
5.20457
1.96847
10.3374
4.88092
0.964519
4.12922
1.49169
8.10374
2.41271
5.21852
4.46637
3.02023
1.04555
4.334
1.97124
2.87084
2.32272
1.88331
4.59137
3.01309
2.03251
9.10931
3.91643
2.9653
9.66747
4.57943
1.34648
7.12776
5.50938
3.80876
9.48948
3.6758
2.16582
3.54144
2.885
6.34764
4.10657
3.28528
2.77909
4.7986
5.04059
2.56511
6.0708
1.37631
7.78355
2.41813
1.97858
4.75892
2.5884
3.87522
4.92805
2.2036
2.75219
3.87101
3.15399
4.83908
17.9699
3.32299
3.9811
1.19799
2.77515
3.56747
1.70416
1.53191
4.68015
1.63853
7.68621
2.22433
2.65425
1.53477
4.89707
4.70512
3.595
2.32257
8.93132
5.22216
11.9378
10.1107
4.98073
1.70829
1.99131
8.37089
7.77328
3.68378
14.4367
1.60831
5.5784
2.6954
4.8921
2.15938
2.28699
2.26663
3.87593
2.96387
4.34068
7.95232
2.96941
10.0687
5.89748
9.87233
9.69385
7.16871
2.26346
9.92835
3.09277
1.48618
5.15364
5.52361
4.90822
8.59168
20.1246
6.20581
4.95425
7.679
7.37636
12.8129
3.34215
4.37533
2.29279
2.64502
3.62587
4.57503
4.82975
3.99908
8.49072
3.33905
13.029
1.82388
4.30718
24.8
1.59414
1.72253
6.58205
1.72051
5.51456
4.41514
1.68379
2.92459
2.99385
7.64442
9.97084
6.15576
4.11528
6.61638
1.61384
1.47234
3.70219
4.00648
2.57419
1.4209
2.39417
6.41601
1.56225
1.74707
2.39926
6.39244
1.37001
4.23833
21.4091
1.87286
4.31072
1.44288
3.93958
3.29545
7.45552
7.0877
4.54045
9.12556
8.10341
7.77855
7.02451
6.6402
2.09074
2.71744
10.6558
5.56189
7.83958
8.82009
4.86913
1.36857
4.7936
1.57744
7.36724
3.36103
2.55896
11.9821
7.49705
14.1611
2.2883
2.38921
7.23917
3.59103
1.88724
7.32963
3.32032
8.62231
20.1303
12.188
17.6971
14.6145
4.26669
6.41226
12.7514
3.24968
5.7282
4.70414
12.081
4.41861
4.9495
7.435
9.09472
4.95733
6.26346
9.42998
12.5187
9.46685
5.84635
2.64782
3.44816
1.67683
3.89908
2.67257
1.48117
7.17693
3.75478
2.25474
4.70516
4.09504
3.16402
2.45247
3.3748
4.32595
1.43583
6.46252
3.13019
3.36362
2.65445
3.37056
2.37401
3.80658
1.22412
5.97905
1.64472
4.05615
2.06532
1.31369
2.38594
2.39914
2.52864
10.5616
3.12978
2.85869
3.13332
3.72525
2.56986
1.59409
2.76407
1.93377
4.19
3.41219
6.88898
2.69215
2.39758
4.6118
1.82796
6.12233
6.42924
2.13447
7.20975
4.06582
3.48042
1.85937
5.21574
3.06642
8.77575
2.78386
1.15124
6.20444
4.42033
2.01325
1.34059
4.57678
2.57215
1.97135
1.98408
3.80394
1.39537
4.79504
2.11017
2.80382
2.64397
3.58887
1.89071
3.68638
4.51134
10.234
6.44452
1.70539
2.33283
3.08763
2.56199
10.1468
2.82397
7.2341
2.08901
16.5907
1.98974
11.2266
1.41249
3.07011
1.88756
2.61401
7.69971
12.1525
5.65623
4.75463
2.51191
6.49773
2.88366
5.13924
3.67897
7.80277
3.27226
2.5657
10.0861
3.10401
4.19366
5.56114
4.76697
3.50449
2.41995
4.00156
1.91948
1.64355
3.82861
3.06816
3.02606
13.7545
1.4615
1.93267
4.53946
2.01142
5.64084
3.1921
2.79582
9.90596
4.96293
6.41266
5.29726
2.1749
2.02252
2.10514
3.66772
2.08171
4.18889
3.90347
2.02012
3.28419
3.71565
1.98993
2.50819
2.41409
7.95642
5.25787
1.25833
1.79603
1.66396
4.78102
5.14039
6.41776
5.67856
21.9797
4.94585
5.0906
1.57894
5.54479
1.46106
2.65296
2.70045
4.74918
2.02003
4.67158
4.50712
3.49042
2.80902
5.76109
3.98404
4.47649
2.99685
3.25199
2.63677
3.98559
3.97477
2.72369
7.06994
3.16161
2.27627
3.9905
2.97183
5.475
1.70606
2.58849
14.6663
3.832
8.5821
9.30836
7.60404
11.7852
2.80785
1.88137
3.19465
6.25862
4.6556
4.26794
2.25862
9.33512
3.63826
3.36837
3.90431
9.15735
3.97326
6.47662
2.66686
1.54382
4.55099
2.95476
2.18347
5.44586
1.34511
2.23031
2.46326
5.20494
4.31467
5.72965
3.2987
10.6786
4.99268
11.5892
4.35453
4.94623
2.36942
5.98924
2.16842
4.30252
3.66693
3.34188
2.57368
1.90542
9.65646
13.947
4.25428
3.10885
3.01292
6.41574
7.40766
3.36362
5.21593
4.97998
4.35074
2.52252
4.69624
4.08247
12.8242
4.13893
4.05064
6.53323
3.71103
2.85318
5.32313
3.58901
3.27552
2.11722
3.73701
2.11441
3.64846
1.87018
2.8158
4.08729
2.02052
3.64738
6.08065
2.91549
3.22887
5.37952
1.49559
6.53268
2.60024
3.7631
3.68568
5.92723
5.73476
4.9036
6.56586
3.64218
1.71357
8.30747
2.4059
3.04061
3.03873
3.22045
4.08436
3.83674
2.89076
1.7119
3.43836
2.68634
4.1448
5.57806
5.30984
5.28178
2.38606
4.48606
2.78286
5.17453
4.13145
5.27161
2.12877
7.04182
2.44612
3.50817
2.68306
5.09881
7.70337
7.99681
4.03623
9.47332
6.09373
7.95978
4.39697
2.31987
15.4955
2.43028
8.79125
6.13972
8.77269
1.66987
8.80035
5.35392
5.50275
3.15758
2.89493
1.64403
2.03487
4.83353
2.95764
5.11858
12.3571
4.03795
1.71454
1.89636
6.98284
2.46694
4.60344
5.6197
4.92054
4.03844
3.54845
2.42692
3.84867
12.3768
2.56171
5.72427
6.58001
5.39914
1.38209
4.74219
3.20835
6.40056
2.78414
1.4554
4.64949
4.06905
3.47129
1.82221
4.72849
1.79651
2.48025
3.04434
5.28799
3.32376
1.3718
2.1887
3.09164
2.37132
1.9731
4.33273
4.20714
3.11571
1.65775
4.04025
2.81172
7.02295
3.32456
5.01661
2.19245
3.00334
2.60543
1.79314
1.71525
5.25744
5.2119
2.6556
1.514
2.38399
1.93076
1.45248
1.87377
1.43112
2.9432
2.05243
4.17226
6.44028
2.66827
2.15584
3.77628
1.62475
4.36985
4.45872
4.33097
2.37121
2.72537
2.61291
1.53002
7.76741
2.74432
3.98093
3.42532
4.19657
1.61786
3.12988
2.22234
1.87666
2.76795
4.31349
8.10123
4.23735
2.35864
4.39037
2.88402
3.03187
5.78649
2.77598
3.48378
1.53101
8.45697
3.88926
15.7523
6.94479
2.99851
1.49142
3.71347
2.12364
2.66765
3.34473
8.10393
2.84508
2.74327
3.8088
1.47453
1.62787
2.04488
6.14236
3.60258
2.69522
3.05595
2.13814
5.33392
1.81034
5.18849
2.2791
4.86461
4.21795
1.50836
9.34045
4.37663
2.02066
3.22432
3.1586
1.55363
2.90421
6.53709
4.02454
2.00732
3.31786
5.85306
3.58408
8.57593
3.97756
8.66119
2.56072
6.56465
4.77864
3.56949
3.57206
6.3406
2.3628
3.02815
5.54445
6.20715
4.15838
10.6676
6.89953
3.18647
1.39301
4.36253
2.65598
1.796
2.047
5.73209
2.59842
8.63615
3.52112
4.62733
3.49659
3.75579
2.85224
7.74411
3.09816
2.98026
4.91638
3.58821
2.17944
1.84989
1.50018
1.79984
3.0837
2.70028
6.42386
3.45567
5.3658
2.24054
2.15653
3.08479
3.16871
1.62431
3.06716
1.4099
3.60591
4.6149
1.6023
3.35941
2.74735
2.55721
3.46759
2.67793
2.06264
1.06202
2.83757
3.34925
2.69117
3.25105
3.82828
2.29002
3.99146
6.46329
2.32178
4.02133
2.40172
3.40332
2.0143
3.57453
3.53788
4.27471
3.78522
4.30264
2.04459
8.4668
1.68915
4.0196
2.86116
4.36794
1.88778
2.94714
4.52204
2.57965
2.0693
3.94121
3.89006
1.9117
2.84226
4.26256
3.33546
3.46598
3.79931
2.72558
3.62164
2.1837
6.50731
6.5505
2.86227
6.16651
1.42697
2.75935
2.19757
1.82858
2.72467
2.01553
1.65196
4.2773
6.85112
1.54507
2.74008
5.11722
2.8735
1.34914
1.61553
3.2456
4.87578
2.78361
8.30049
2.42274
1.74452
1.73374
2.70961
5.67884
7.37411
7.37803
2.42671
2.1127
16.2266
3.50601
2.75711
2.93513
4.23598
3.31061
6.24206
4.43159
1.99779
2.97653
5.67356
2.73572
1.23725
2.23432
2.62232
8.92129
3.82271
7.88773
3.08977
5.21831
4.36632
1.68856
1.88555
5.75145
3.99307
9.77217
8.43498
2.79775
3.57139
4.16249
4.69292
4.485
4.65148
2.14538
3.24927
2.31466
3.26046
1.27801
1.92271
2.74539
1.5805
4.40503
5.84967
7.59749
3.60332
3.67091
2.27455
4.15163
4.53749
1.43371
3.51311
3.0537
2.08495
2.5205
1.64001
4.96209
2.19571
2.97619
1.97336
2.43344
3.07654
2.34044
2.15349
1.61958
4.6044
1.96188
7.51198
2.34449
2.78873
3.82958
4.14571
3.58278
4.61935
7.7319
3.63081
5.58293
3.32038
2.85785
2.71668
11.9071
2.85675
2.16833
5.46795
3.69489
1.64455
2.31071
6.87795
2.17108
4.47488
3.94578
1.80933
7.92277
2.07959
7.57852
2.53359
1.50358
2.54646
3.21077
4.26257
5.3947
7.30757
3.88172
1.53271
3.95354
6.0991
3.40904
2.16346
4.09673
5.33064
2.25337
3.57448
2.94892
3.1677
2.91487
1.98366
2.02862
5.73954
1.9975
1.93452
1.90329
9.1546
2.66364
3.67488
3.28664
2.56262
1.74075
5.48196
5.67493
2.50761
1.82813
3.00529
2.15254
2.15412
2.89982
4.49602
4.12043
3.65004
3.55032
2.33421
3.26023
6.32776
4.38791
3.98858
1.84277
2.23473
2.95451
3.44178
1.94994
2.84016
1.76887
3.49316
1.6283
5.2166
10.1231
4.0144
2.9192
13.386
5.68944
4.38576
4.11758
1.69462
6.99401
3.44449
4.38889
2.36411
3.55307
1.68969
2.40748
6.0756
2.62405
3.65675
4.1872
3.85248
1.90331
6.72072
3.48779
1.89916
1.53031
4.15909
3.48777
2.17488
1.75643
4.31878
2.90223
2.88392
3.34105
1.85746
2.4771
3.95712
1.56743
3.29472
2.04891
2.504
2.65861
6.00523
10.446
4.22905
3.73365
4.90953
4.65546
1.96455
1.8653
2.64746
1.7728
2.7039
1.90857
1.73596
2.94766
2.8007
5.87739
2.9621
2.49941
1.98364
3.85535
2.84926
4.53285
2.91427
4.14825
1.98738
2.60844
2.01759
2.29205
5.71169
10.4273
1.70325
4.5161
3.52894
8.59662
2.01731
1.60659
1.67368
1.78544
2.72033
4.27552
3.31138
1.59749
3.43795
2.65855
1.47808
1.76468
2.71926
2.56393
3.84895
2.0989
2.53712
2.4763
2.01896
2.32784
3.67331
1.70066
2.40416
4.01219
2.56838
2.32954
2.13572
2.12495
2.51527
3.66083
2.94033
2.87398
2.30283
3.57935
5.11157
2.22915
1.80736
2.00393
2.17862
2.55521
2.01345
3.89158
2.8965
2.16983
9.04214
4.96344
1.85354
3.04359
1.66425
1.87496
4.58385
2.36109
5.1142
2.14129
1.57121
2.845
2.26312
3.15565
2.67913
1.73138
1.79886
2.40318
3.50852
1.50212
1.927
2.84577
2.13434
2.89345
1.99948
7.06598
2.59219
3.28842
3.15941
2.21737
2.69726
2.62228
1.86157
2.00207
2.17201
2.58945
2.46123
1.91503
1.80229
1.70606
3.6074
2.59374
3.56626
3.91573
4.00718
2.02895
3.05663
2.62527
1.8582
2.78187
2.2719
2.1794
2.25371
2.17641
1.54369
1.55392
1.7741
2.23422
3.04747
4.20603
2.86146
6.54602
2.56622
2.85281
2.59786
2.21808
4.91711
1.68301
1.64569
2.85814
4.77665
3.95072
2.99032
1.74066
3.44314
2.03001
1.77936
2.87386
2.61791
3.87238
2.79305
4.4589
1.53458
1.87162
3.78701
7.61096
3.50775
3.26765
3.42116
1.47159
5.70715
1.91056
1.79696
7.57005
4.35715
1.30103
1.6627
2.34105
5.76415
1.96133
1.93439
4.96681
2.86179
7.15053
5.09786
2.99566
4.78639
2.98111
2.9232
5.76857
1.65064
2.40494
2.56488
2.68948
3.17773
3.11213
1.99515
3.08832
2.5723
1.64547
1.86783
1.78425
1.79368
2.03514
6.46896
1.55901
2.52916
2.74308
3.27558
3.94221
4.0126
2.95746
2.14045
2.8567
4.54018
1.92712
1.90391
3.46946
3.07503
3.25813
1.81047
1.91768
4.00973
2.31514
2.00396
3.2597
1.82793
5.08005
2.28481
1.83194
2.85101
4.74324
4.25653
2.66772
1.58209
2.2486
3.15485
3.14399
3.40325
2.33963
2.28816
2.16237
2.53061
3.0095
2.11633
1.42818
4.50821
2.12725
2.72173
4.01591
1.69377
2.69117
4.04023
2.28402
4.47429
3.4839
1.88365
2.9049
3.17862
3.27871
2.19858
4.67494
1.70848
2.0373
3.35292
1.97215
6.20021
2.407
2.84862
4.08355
3.20697
2.0576
2.52974
3.67708
1.77151
4.16911
2.07336
1.79859
2.73644
2.50459
2.11052
1.67201
1.97096
2.402
2.85255
1.97761
3.54865
1.83703
2.35795
2.01814
1.37116
3.01191
3.01776
3.67872
2.39262
2.6202
5.19516
2.54036
2.42977
3.2129
1.98393
4.02643
2.13939
3.2843
3.78701
2.45749
1.97226
2.00306
1.61653
1.64326
1.64578
2.12757
1.51888
2.28813
3.47351
2.55008
1.3651
1.65652
5.31701
2.18602
3.8275
1.64794
2.08381
2.45856
2.11613
1.74343
2.33759
8.4856
4.78019
3.20432
1.61272
1.81595
3.45457
2.21934
2.8691
2.16067
1.41852
2.6788
2.97322
2.07096
1.92553
1.81381
3.01447
4.92787
2.60963
3.04661
1.71083
5.65861
2.22461
1.70637
3.87903
1.92645
2.26583
2.38256
2.66044
1.76168
2.76702
1.65756
2.35343
1.95707
2.73346
3.0164
2.68971
1.87209
2.99162
3.96092
2.40235
3.23313
1.92667
5.21345
3.34987
4.1482
4.33956
2.41494
1.68499
2.73287
2.73316
2.41493
2.17625
2.42001
2.11704
4.15761
3.10317
2.7713
15.2665
1.9876
2.15147
3.95345
2.70478
3.9603
6.07266
3.37026
2.07624
2.23277
2.12149
3.87497
2.00988
3.35268
4.18167
4.49357
2.46853
2.29365
2.13236
2.56692
5.67625
2.42639
3.39379
6.18679
3.27538
2.46954
2.32076
2.3308
2.41966
4.12552
4.14971
2.21803
1.39459
1.97748
3.27285
5.55171
4.10048
4.41466
1.53595
2.69372
3.47682
3.102
4.73583
2.3125
2.09939
4.2383
1.77368
2.92115
2.29721
2.74226
3.85902
2.38687
3.74752
2.32812
3.05139
2.08486
3.54492
2.98985
2.34263
2.05535
2.11497
1.98374
2.44736
2.33044
2.65315
2.84816
3.59314
1.77009
1.5226
2.03957
2.5101
3.76053
2.58105
3.29146
2.81123
2.06066
1.51547
3.92514
2.90314
2.44036
2.26874
2.27816
3.31122
5.29299
5.39845
2.44827
1.60539
2.57263
2.16349
1.8407
3.82458
4.1689
4.11314
2.91396
2.45114
3.26599
3.95716
4.94805
1.8842
1.93884
4.71239
3.18828
2.57182
1.91143
2.13701
3.22103
5.36282
1.48031
1.47964
2.52016
2.39313
8.47246
2.35577
2.19024
3.68944
3.69898
2.67647
4.43783
1.72202
2.81128
3.80208
2.46658
2.05696
4.12162
3.31529
3.06107
1.73078
2.1518
3.96531
2.73159
1.88604
3.23444
2.73766
3.40809
2.33655
4.16036
5.16829
3.05131
5.17369
2.47198
4.67944
4.00145
3.4305
1.542
2.27408
3.58455
2.00611
2.27751
4.77245
5.22718
3.58591
1.93747
8.2322
2.04869
3.41258
5.67106
3.11138
2.36992
1.89382
3.85676
1.70813
2.53415
2.0914
2.84103
2.14881
4.31662
2.53822
2.21096
3.22533
1.87214
2.54401
1.99223
1.749
2.72895
1.69077
4.18755
3.62187
1.61653
3.4007
2.45644
1.52087
1.7638
3.31201
2.47095
2.10439
2.86788
2.27171
1.74933
5.0789
2.6054
1.66218
2.95754
2.58358
2.98766
3.67329
3.50122
5.5206
1.30972
2.76982
2.38027
4.70209
3.86131
1.7302
5.9408
2.56976
2.71152
2.59488
1.48342
1.6714
7.17253
5.41705
2.49679
4.37965
1.85356
2.42578
4.45593
3.58378
2.02125
3.5675
4.10033
4.26947
3.1845
4.60337
3.76363
2.27962
2.02129
2.31627
1.65227
4.29786
2.37602
2.30674
2.51553
5.88338
3.47889
4.81179
3.73402
9.00768
2.30433
2.75325
9.56114
4.9119
1.85269
3.37819
4.5614
2.32871
6.82302
8.74918
2.19262
3.68748
1.59283
9.76795
3.60237
2.66563
1.91515
2.09027
5.36539
4.00642
5.90291
4.1453
2.96423
5.04963
3.47415
2.75879
10.0245
3.83558
4.94307
2.34458
4.51073
2.28447
4.0686
3.55865
1.78668
2.40669
2.11628
4.32805
3.58273
2.06134
5.62229
3.48513
4.5839
2.57198
3.4048
3.36709
6.79717
2.08423
3.46982
2.57023
5.17002
2.98234
3.05226
2.40251
3.06667
1.79703
2.51253
4.52237
3.11784
3.22837
4.7035
4.94325
1.9282
2.21792
2.06902
2.64689
3.15451
2.88043
1.67562
3.99285
2.73368
2.86181
5.41349
10.086
2.02517
2.88944
4.30037
3.84157
6.14307
5.84511
3.50766
2.59339
4.33534
3.80614
3.25809
3.20804
3.04676
3.17445
4.11427
2.0268
2.38299
4.29644
5.73267
5.3934
3.69225
3.50629
6.49522
1.84916
2.04415
4.43905
3.03415
4.69196
6.35717
1.96218
2.6255
3.60294
1.4384
3.92375
2.60165
2.99929
2.01888
1.83239
3.17152
2.37561
1.68509
3.04102
4.12861
4.26103
2.19942
4.54881
2.48775
2.08811
7.28173
1.70589
4.29711
3.44926
1.77989
4.74015
2.33841
4.13814
2.43769
3.74392
1.63623
3.32969
2.90237
2.81797
2.09226
1.79014
5.73645
2.61091
3.73099
2.90465
3.88944
2.18455
11.2326
2.56541
2.86357
2.46453
4.71627
1.64861
2.00092
9.76684
1.85985
2.88279
1.86031
2.0771
8.12144
3.25887
2.74971
2.33257
2.18068
3.81878
2.09987
2.109
2.64463
2.51971
2.17612
4.31516
7.48181
4.46474
3.01198
3.54686
3.01068
3.81303
1.9941
16.441
5.39775
9.27351
2.31998
2.77575
2.06135
1.82558
5.25634
2.50508
3.0207
6.02482
2.17322
3.96082
3.85956
2.922
3.81072
2.2376
2.45879
2.91949
1.97326
5.00819
8.84442
1.99737
2.87957
9.22485
2.29238
1.78497
2.88108
1.56105
1.67917
2.39164
5.65332
2.66486
2.29091
5.28652
1.88375
3.69188
2.62486
2.82045
1.95431
3.12947
4.16751
1.92933
1.95805
5.16812
2.12808
1.99164
2.01352
3.64259
4.54753
3.26888
3.82574
4.87078
4.10334
1.91435
3.69156
5.95391
2.33194
4.1366
10.9965
1.86381
1.45238
3.39391
4.00494
2.6198
1.63335
1.94312
3.34375
7.99969
10.3312
1.60116
4.25919
3.91094
4.76839
4.34292
1.84159
4.14327
2.17282
6.47195
3.56057
6.36731
6.77811
4.88891
6.78484
4.87321
4.18698
7.42252
4.85757
3.51229
5.57981
3.87199
2.11186
9.60684
3.28335
3.45529
8.02171
5.93371
3.29604
5.02298
5.37015
6.04395
5.39024
7.79822
6.21788
5.19154
6.92403
3.68631
4.64926
8.34515
3.0368
7.02239
10.9056
1.58404
7.71673
1.99262
3.35843
4.72104
4.07752
1.47851
4.43886
5.41743
1.68414
2.9878
1.43164
3.54533
1.95196
3.13125
2.65828
1.86001
4.40909
3.15519
2.49151
2.68922
1.66399
2.57026
3.34709
5.82128
4.76889
9.05191
4.64515
3.32991
2.13575
4.12961
1.72569
6.54049
7.6051
5.43594
1.87571
3.48571
5.08625
6.56731
5.68407
3.51826
1.84816
3.15893
3.13849
3.07818
2.26335
2.62812
3.2744
6.82957
3.39625
1.73977
3.40505
4.23818
4.30927
3.75067
1.87126
4.82137
5.60021
2.57697
1.29603
1.20888
3.41318
2.67058
4.39097
5.32423
5.35754
8.18385
1.58178
2.01225
2.6082
2.73539
2.86016
2.55038
10.824
1.2111
2.14605
4.85268
2.72805
3.92562
2.96269
2.34824
5.29719
4.00423
4.97483
3.62426
2.8481
6.06
3.61289
3.4255
3.34947
3.25153
1.39653
5.37207
2.51793
2.44406
2.39842
7.01262
3.72591
6.18128
4.8184
3.91544
3.60999
2.17403
1.73467
7.51598
2.33384
8.82552
2.98201
13.9839
4.3677
5.79984
4.85012
4.57252
5.81551
2.74159
2.63083
7.24592
3.17735
4.91214
5.22447
11.0659
1.96421
4.75142
5.81896
3.57588
6.90457
2.28259
1.61636
11.7455
8.18491
9.36876
7.47252
6.06813
14.8036
11.2203
3.13563
15.2082
8.84954
3.4836
3.35027
1.67947
6.08719
2.84885
1.53146
5.41684
5.53916
6.93284
9.471
6.14819
9.47987
3.92018
2.60749
7.06308
7.55951
1.29802
4.39129
4.17687
2.90991
5.73869
10.4079
4.03965
7.9237
5.82001
1.38933
5.36718
5.09368
2.26169
1.44722
4.22416
1.81954
2.88904
1.3744
3.60167
7.04221
2.79606
7.48246
4.23929
3.67655
3.52496
2.27086
4.57005
1.8784
3.94274
4.78706
2.9922
3.0108
5.95909
5.30149
4.7891
2.21799
6.00736
4.72993
3.22605
3.80217
4.00194
2.25023
1.95619
1.94139
2.39816
2.1122
4.70023
3.78187
8.51756
7.43714
1.95004
5.19948
3.21006
2.22
8.065
5.23303
9.96894
1.78546
3.21122
2.29548
2.94082
9.68319
2.25555
6.54953
3.46074
5.92923
2.77466
6.32341
1.63641
7.99968
6.19086
4.37461
5.19701
4.10603
3.29752
2.66526
3.59884
5.09794
4.96171
4.48618
5.02996
1.82156
3.19244
3.55979
3.19798
8.60768
2.65075
3.27108
7.72601
2.53963
4.07466
9.41886
2.37162
4.64159
4.35855
4.57881
1.74006
3.2256
3.41863
4.61983
9.04411
10.2349
5.32084
18.3466
4.25094
1.51042
2.5979
1.72484
5.97683
5.51897
3.39363
2.31275
3.88812
12.1601
1.80705
2.55401
2.36736
3.05893
3.21641
2.90875
3.03211
4.3232
1.61255
6.29803
3.36514
5.6053
11.2772
2.60756
1.39644
5.11055
12.9921
3.82911
5.75264
2.64581
3.25306
3.70219
3.54413
3.16852
3.02978
3.32603
10.4559
2.53036
2.80516
3.54478
4.51777
2.46146
6.16852
3.48095
2.50981
1.59515
1.68398
2.3118
1.8413
2.58558
1.98516
1.74406
3.83141
4.76834
1.90902
3.18862
3.07295
3.27295
3.12517
2.6094
2.21928
2.74692
2.47339
2.33847
2.7544
1.35421
3.01569
4.87631
6.47789
1.54785
8.80774
3.0735
1.5644
7.84873
3.59957
5.05311
2.75798
4.19531
5.79361
1.4068
2.83903
2.92816
4.75094
1.86961
1.48414
1.72964
3.54844
3.28917
1.65886
2.78538
3.02604
2.17408
2.51715
1.7527
2.49788
2.81134
3.6667
1.89727
2.87612
2.32466
6.19953
2.50717
3.64884
2.64776
1.64131
3.04363
1.86442
1.60198
1.92857
2.88157
3.71159
4.71991
2.20503
1.4713
3.22466
2.54448
2.78108
4.51068
3.58722
2.53206
1.94035
2.57429
1.49926
5.48152
2.15978
3.97352
2.19041
3.07926
3.51546
3.69641
2.46511
2.45432
1.30102
1.63752
1.52401
2.34871
5.33826
4.63016
3.22669
2.38632
3.20658
3.93268
5.47092
1.80824
1.41837
3.85442
3.48155
1.79624
2.23623
4.59372
2.01255
1.37824
2.41911
3.36642
6.19655
3.50704
4.89169
8.80134
2.7689
1.50659
5.95025
2.52146
2.34996
9.47956
2.00312
4.28394
1.90531
4.8175
2.96138
4.23315
4.02419
3.13653
6.42926
2.91209
5.98096
7.58826
8.53754
11.0207
3.93985
5.20245
9.64588
2.45629
4.95345
3.00944
3.62464
5.63852
7.16949
4.50895
5.68121
6.76424
8.35223
3.19355
7.41055
1.40249
18.5386
17.0742
3.21352
12.3352
8.42046
6.9733
5.24452
7.47841
3.9021
5.60745
6.09767
5.82146
4.36172
5.88442
8.80285
4.55187
2.80881
9.38028
3.38624
2.24958
4.34545
6.80077
4.05106
6.94203
4.03999
9.25252
3.16508
12.5763
7.51608
10.7296
2.08722
4.64736
7.73158
4.19282
6.34522
3.96121
5.2266
3.70749
2.95387
6.85493
2.33508
2.11478
2.57768
11.203
5.62276
6.44168
17.3545
1.9143
10.3867
3.689
3.41596
1.81574
7.84957
1.95135
8.0756
3.91143
4.01762
15.8621
7.10025
5.88155
4.18376
3.14957
4.24591
5.58946
1.99534
8.16625
2.88565
2.64411
3.59049
1.43589
2.56055
3.4043
3.81549
1.70283
1.68159
6.31319
2.25809
3.90105
4.41219
1.89597
1.66791
3.40737
1.88377
3.27072
2.61927
2.13615
1.90277
6.53355
2.21396
8.76991
8.06494
3.11042
2.26936
2.56802
1.85901
3.11535
1.88185
9.66762
2.42822
2.82374
1.43963
4.74644
3.78977
2.1413
3.13345
3.90774
1.61493
3.16335
3.37347
2.25584
1.89603
2.41189
2.20328
5.65536
2.49265
3.21152
3.55045
1.68812
1.62508
3.51518
1.83824
2.05548
2.82855
1.51949
2.42035
2.38861
3.8897
5.28797
3.74468
2.14275
3.89931
1.8716
2.38929
2.25371
4.11063
1.65907
3.06279
2.94362
2.79993
1.77599
4.74061
2.62277
1.98675
1.89141
2.06653
1.71595
3.04985
2.72853
1.66136
1.54578
3.87474
2.51665
1.84389
2.07613
2.66747
3.7213
1.9307
3.01983
2.58029
2.65167
2.56489
9.74465
2.7734
2.13834
2.44737
4.57361
5.5732
2.73044
3.92215
2.92765
1.49703
4.58545
4.49081
2.49231
1.88356
4.38659
3.07631
1.43111
2.84197
1.82555
2.48209
5.05106
2.36118
5.35282
2.68853
2.09613
5.32951
1.76328
3.62532
2.84951
2.06869
3.29596
5.01
1.53904
2.0722
5.01341
2.92532
2.42512
2.50443
2.56443
1.51441
2.48238
2.53228
4.19332
2.38923
4.50392
3.27028
3.0088
2.05315
2.0831
2.5235
4.6449
2.79271
2.30014
2.43822
4.11556
2.64499
1.84484
7.18705
4.36904
2.13197
5.99687
2.22443
5.78062
1.56828
2.09888
7.79528
2.24874
3.00554
2.40605
1.95514
2.56407
3.01611
3.38861
4.77655
6.98307
2.27354
3.95187
3.19177
2.01264
2.2091
1.94128
6.23429
3.5953
3.42874
2.19195
1.90805
3.57938
1.80351
1.87919
1.93823
3.05349
4.44275
5.89309
1.72525
3.88033
2.83787
1.92097
2.34768
2.16653
4.81559
1.92787
1.45965
3.45717
14.6177
1.78616
2.56512
2.46985
3.91785
9.10686
3.38074
2.10024
2.39709
1.84752
3.79798
3.60442
1.85306
4.12662
5.08866
3.15668
1.67024
2.82538
2.98457
3.43738
1.69846
1.53333
4.68237
5.12028
2.25544
3.18841
2.42774
4.20697
3.7395
3.81728
2.81095
3.77959
1.93965
1.69665
4.11132
6.19839
6.09089
3.93343
1.74223
4.5843
2.60469
3.34959
1.52526
3.51834
3.23725
3.48762
4.24811
2.23522
2.23469
4.83622
1.76349
1.71643
6.43948
2.84772
4.99614
6.19844
4.76438
1.81333
1.90049
3.33926
5.03618
1.97375
2.94492
3.16833
2.56009
2.14475
5.06292
4.6338
2.61715
9.58258
3.86568
2.9161
2.61455
2.8511
3.47143
2.31233
4.00627
3.01753
2.67496
2.82485
1.59883
2.24228
3.23214
3.28352
6.6042
2.50816
2.51681
4.2337
2.57078
1.97156
2.41616
1.87179
1.83303
2.60646
2.55411
7.81499
1.85218
2.93502
1.732
2.21508
13.9819
2.31083
2.5618
2.258
2.78669
2.1189
1.63736
2.09979
3.75751
3.80142
2.5412
2.4656
5.6572
2.09448
2.34099
3.79123
3.13993
2.79606
2.41484
3.83027
4.27528
3.12738
3.77084
1.57209
2.59273
3.39598
4.5521
2.40528
2.24091
2.63912
2.97998
3.92002
3.04451
2.38101
2.57351
2.3233
2.56507
1.59165
2.37063
3.08344
3.35556
8.21928
1.83583
2.38452
4.51533
1.53332
3.3885
4.06545
3.99647
2.67401
4.49222
4.3869
3.03824
2.2835
2.27711
2.9075
3.30876
2.22562
7.39063
3.34957
1.61926
3.08352
2.9416
3.17009
2.49416
2.99542
3.84382
2.75024
2.33737
3.5145
3.62203
2.67516
1.98252
2.97606
2.20122
2.71632
2.52712
2.39286
5.02839
4.74398
8.38067
2.20617
4.69787
4.06035
4.29614
4.79958
5.69066
2.64155
19.1319
3.66366
2.41045
3.44275
2.03424
3.37001
5.69542
2.36035
2.68063
4.2912
3.02818
2.79972
4.36993
3.78008
3.6622
6.01461
1.95243
4.96587
3.98595
1.78439
4.8024
5.35396
2.33611
1.84107
1.82946
2.09448
8.3415
2.45662
4.72428
2.11604
2.33583
4.86307
3.34766
1.70786
3.53045
4.62055
2.47628
2.50311
3.87615
3.12583
5.25022
3.34257
2.4357
2.8004
4.68101
1.82063
4.04022
3.98955
3.19511
3.55546
2.81082
1.83244
6.19851
3.35204
2.22797
2.21412
2.17027
2.16685
2.33531
2.96551
2.66998
3.39164
3.23426
2.50232
1.74077
2.21471
4.42682
4.05885
2.33452
4.60552
3.43428
1.71405
6.14303
3.79283
1.49863
3.69202
1.9364
1.64125
2.37108
1.76602
2.57363
2.08393
2.32436
3.45795
1.60215
3.16142
6.48575
3.13582
3.64942
1.93644
2.53076
1.39493
2.03211
2.22824
4.04386
2.24638
1.92057
2.77894
2.89469
3.85269
2.05439
4.24251
2.28158
3.25188
3.20802
3.66293
1.6383
12.1217
4.98533
2.98743
2.38194
3.8632
2.07976
4.12563
4.67923
4.27243
4.29976
1.78177
2.182
1.80231
2.6161
2.5937
2.57822
2.18472
2.07592
6.77179
4.35267
3.18148
2.2784
5.50485
3.72711
3.92965
2.16113
1.97236
2.20775
3.44575
2.18344
2.52735
3.37471
5.34549
3.31373
2.37674
3.74448
1.67389
2.74286
3.57803
2.83678
3.2108
3.10886
3.2197
8.54155
2.77144
2.13734
2.31195
3.04488
2.4927
4.19686
2.03189
3.15421
1.98865
2.21538
4.3756
2.47613
3.76709
2.1097
7.21132
3.27995
3.63685
2.07453
1.58019
3.02103
3.00393
2.20031
2.61418
2.95256
3.06077
1.95113
2.0969
2.57321
3.04763
3.00454
1.39055
3.88771
3.34325
4.38279
3.40259
2.68711
6.73798
4.51664
2.46372
2.69476
4.36244
4.39012
4.43774
6.04695
3.31675
4.51538
2.16407
3.38237
3.26622
3.11613
2.65416
4.1943
2.00571
6.08089
1.8648
4.881
2.3393
2.88171
2.67025
2.2344
2.79354
5.62207
3.97686
5.51244
2.02667
3.34079
5.74539
2.97667
3.41669
1.72626
2.30546
5.09434
4.16937
3.16112
2.62979
2.12776
4.76876
2.19428
2.97132
2.43761
2.93059
2.84066
6.90696
2.49244
3.94995
1.85697
2.23124
4.66094
3.22367
3.53432
7.93957
4.41331
2.77484
3.59064
1.58505
6.31283
3.91267
5.12291
3.48507
4.4054
5.99248
4.64617
5.41295
7.85611
4.58235
3.43627
3.4941
4.1326
2.80477
4.09673
2.18535
3.10085
3.3966
2.83224
4.5214
3.00863
3.82539
3.44833
3.025
4.88744
5.04681
1.55898
4.76175
3.74577
2.313
6.19464
4.49419
3.78352
18.816
2.23473
2.02065
3.30436
4.57337
2.34163
2.26888
2.04734
1.9528
5.19425
7.2149
2.0636
4.33524
5.18634
5.46823
2.55175
2.60366
1.89347
3.08685
1.44739
5.26789
3.30634
3.81055
9.01652
2.86727
5.94995
4.54777
4.52041
6.82178
7.01619
1.659
4.57364
2.28927
4.78636
2.85342
5.55217
3.67344
3.73352
2.0544
2.81495
3.03848
2.95317
4.70876
3.87692
2.72072
4.39509
4.0667
4.5448
4.28874
7.12311
3.11694
6.957
2.79858
7.96278
3.36859
4.604
3.85869
4.95123
3.78812
3.32788
2.91717
2.63401
2.74637
3.41195
4.16395
3.82212
3.684
3.0079
5.62208
3.5927
2.22951
2.02072
3.46443
4.26074
3.58209
3.87178
4.13593
3.30062
2.40281
2.85356
2.77468
3.30825
5.86672
3.57831
5.07851
3.86886
3.04702
4.18069
2.24379
3.05633
4.71853
3.92234
3.71413
4.38404
3.12103
2.86159
6.02913
7.86195
5.47219
2.11731
3.49352
3.33729
2.29368
2.9185
7.29419
2.58906
5.2716
2.21492
1.74272
3.17661
3.29545
3.16744
6.43448
5.01265
1.54969
8.3011
2.46312
6.24179
1.59681
7.00722
5.80773
3.89057
5.55531
5.87453
6.95323
3.10697
5.36175
4.08928
3.54646
5.0374
7.84144
4.63459
3.88029
6.32169
2.71041
6.34029
4.34737
3.61173
1.89883
4.66317
4.59462
1.85787
1.7692
3.28269
4.09903
3.89001
2.94367
2.86737
4.15135
6.14151
5.75754
2.90334
6.23861
5.16446
4.05251
1.94873
3.59563
4.04327
2.05592
4.07121
8.53706
4.79434
1.9053
4.25865
2.59404
1.42794
1.93549
1.91859
2.45222
3.23626
4.93204
4.71499
3.59573
7.05425
3.04839
4.55435
3.57097
8.72302
6.03495
1.9228
3.74585
6.1268
2.6148
5.18036
3.66959
2.19291
4.51608
6.86527
3.67128
4.87875
2.87028
2.12077
1.70457
2.59354
1.7161
4.58251
5.13194
4.5711
2.62549
4.72561
1.89052
3.36504
9.24874
3.68458
3.05508
3.62397
2.24098
3.63139
6.27303
9.7516
5.48293
2.27731
2.64403
4.83585
3.81768
6.39347
3.13839
8.21714
6.36577
2.99809
2.80254
2.44366
5.6293
3.6411
4.60851
4.60741
3.73592
2.65669
3.50047
3.09276
2.59662
3.17951
