718.702
603.241
347.776
950.536
730.282
516.21
478.766
691.19
551.577
516.447
283.291
657.489
449.921
341.71
179.451
450.668
283.708
169.529
127.439
153.941
81.3342
53.1976
16.805
18.1291
0.896113
3.18982
5.04419
29.173
50.1335
46.626
60.5845
92.115
91.1376
79.5027
42.3761
125.614
70.2027
51.6452
22.7772
68.6845
37.9644
18.9786
17.8453
19.3806
14.253
9.59281
3.56827
12.9154
5.00817
5.01661
1.92135
5.05182
2.39229
2.35087
1.98212
1.64501
1.33945
1.73027
0.734881
2.06292
0.335954
2.30332
1.2477
1.34983
0.531555
2.09197
1.33258
1.29721
0.871324
1.79262
0.9655
1.69688
0.320615
2.35989
1.37343
1.315
0.521585
2.18909
1.34263
1.35914
0.876682
1.82607
0.985615
1.69622
0.319045
2.35326
1.35771
1.30878
0.516759
2.15385
1.33623
1.31988
0.872463
1.78229
0.935942
1.70777
0.298935
2.33278
1.32264
1.3099
