0.84416 0.925529 0.0343151 0.674772 0.220786 0.68411 0.138099 0.0890402 0.252239 0.0396034 0.00867765 0.0465246 0.243216 0.738049 0.373307 0.512528 0.400483 0.772373 0.252121 0.478348 0.992278
0.677774 0.593046 0.901898 0.71081 0.473164 0.812017 0.38604 0.770533 0.335595 0.192766 0.850118 0.883051 0.792332 0.794766 0.545452 0.0353557 0.951458 0.711191 0.180751 0.913109 0.506622
0.738531 0.403446 0.744702 0.0500912 0.312231 0.780729 0.894389 0.734294 0.131328 0.407627 0.220312 0.860864 0.74846 0.0797541 0.470613 0.45098 0.86671 0.760733 0.157212 0.721437 0.96978
0.704348 0.493545 0.416984 0.198485 0.788446 0.205284 0.097866 0.303259 0.0529976 0.262371 0.915406 0.00904146 0.924459 0.937106 0.106795 0.628954 0.0243418 0.817928 0.334349 0.494526 0.691901
0.623706 0.276211 0.619716 0.820534 0.490402 0.0790127 0.377603 0.038214 0.984215 0.394054 0.352012 0.0920436 0.567512 0.920241 0.243383 0.0220065 0.614968 0.432671 0.459497 0.483257 0.30049
0.0551587 0.903542 0.743205 0.778504 0.130559 0.582635 0.686209 0.917649 0.572527 0.576357 0.961744 0.26721 0.118983 0.937739 0.897337 0.00438632 0.523351 0.20248 0.0691187 0.971368 0.540027
0.399133 0.689295 -0.00302737 0.0341608 0.433341 0.829687 0.41607 0.265479 0.440599 0.645657 0.68328 0.339895 0.0260904 0.00803525 0.122339 0.486623 0.500916 0.724129 0.711564 0.859898 0.743258
0.000259449 0.479247 0.619502 0.00526867 0.446018 0.0997869 0.934092 0.834855 0.230691 0.675182 0.523862 0.290994 0.532731 0.288543 0.484423 0.841263 0.665994 0.818253 0.301406 0.396583 0.318387
0.228113 0.602682 0.0928832 0.130156 0.706061 0.336437 0.702604 0.758384 0.625803 0.276419 0.562853 0.668184 0.396488 0.542261 0.168218 0.236644 0.283007 0.120799 0.991293 0.203388 0.448819
0.466048 0.875462 0.00497991 0.130197 0.691979 0.976271 0.899115 0.980873 0.429767 0.366235 0.409338 0.659122 0.489662 0.282217 0.414094 0.116556 0.946745 0.405772 0.289179 0.0987194 0.549833
0.742782 0.569552 0.31601 0.447767 0.324466 0.69769 0.986943 0.116209 0.27413 0.260114 0.475645 0.86453 0.853338 0.863283 0.633467 0.566932 0.743474 0.143233 0.634615 0.838243 0.516423
0.252195 0.568197 0.502744 0.539783 0.810736 0.836476 0.00736022 0.177313 0.0636036 0.553166 0.330148 0.922921 0.643915 0.0607186 0.533708 0.349796 0.266957 0.11547 0.677108 0.802119 0.836852
0.644782 0.423911 0.325738 0.340323 0.369947 0.115927 0.946485 0.737375 0.706571 0.336958 0.947851 0.404311 0.892387 0.952132 0.757059 0.509004 0.929389 0.0487095 0.960913 0.74991 0.85318
0.590099 0.811271 0.148812 0.112261 0.306266 0.484042 0.785509 0.132145 0.179603 0.995795 0.599932 0.486346 0.606091 0.607661 0.0684147 0.969604 0.0276093 0.69733 0.430292 0.147176 0.467464
0.659391 0.748386 0.154677 0.516142 0.109143 0.76434 0.774756 0.655559 0.639673 0.861655 0.935736 0.792681 0.928743 0.534155 0.670925 0.16708 0.199498 0.40428 0.568085 0.243494 0.259569
0.576289 0.286066 0.112655 0.841953 0.290477 0.821189 0.227627 0.760552 0.300878 0.546289 0.260218 0.763397 0.0483653 0.432276 0.467897 0.54465 0.151964 0.590008 0.446963 0.597883 0.464135
0.0424797 0.687034 0.621464 0.391354 0.145312 0.896828 0.918971 0.289769 0.914481 0.799575 0.323849 0.990351 0.551501 0.287536 0.123372 0.744111 0.882055 0.704091 0.907318 0.0986718 0.687234
0.593471 0.132056 0.614955 0.0585498 0.705802 0.938518 -0.000725689 0.215195 -0.00290486 0.235536 0.0630049 0.43761 0.133306 0.522481 0.563966 0.966984 0.198705 0.639532 0.156308 0.827195 0.0936524
0.416411 0.00384445 0.754457 0.946455 0.989981 0.213558 0.154315 0.589985 0.289808 0.593436 0.832579 0.0577904 0.0672778 0.0227697 0.127963 0.36336 0.230612 0.814894 0.268642 0.71613 0.864794
0.401206 0.197036 0.504651 0.846487 0.853015 0.855931 0.0176883 0.812776 0.718088 0.21455 0.846557 0.55241 0.0658212 0.0792673 0.175435 0.635478 0.00777654 0.326718 0.698508 0.163929 0.723556
0.663445 0.801361 0.415774 1.00007 0.706553 0.122753 0.899798 0.723241 0.44349 0.760272 0.87715 0.50892 0.512316 0.431791 0.714016 0.117904 0.506557 0.722163 0.508737 0.440349 0.776448
0.609858 0.701722 0.71358 0.25205 0.76694 0.512733 0.388289 0.524725 0.167768 0.491677 0.392379 0.267448 0.337776 0.540271 0.881008 0.273473 0.904245 0.0720956 0.318432 0.0342435 0.56532
0.326438 0.173818 0.801579 0.546406 0.098193 0.951585 0.705596 0.669299 0.1222 0.0274642 0.425655 0.800771 0.402107 0.33425 0.520669 0.0268387 0.175855 0.0566078 0.504558 0.422725 0.556703
0.0603703 0.558917 0.859562 0.397351 0.123332 0.630168 0.865289 0.713142 0.896906 0.418806 0.462673 0.401632 0.474996 0.8105 0.740095 0.719763 0.0879745 0.0558675 0.142169 0.428594 0.0127063
0.462737 0.843469 0.219956 0.847349 0.692113 0.350181 0.881764 0.476675 0.37547 0.147289 0.286856 0.731918 0.332942 0.849005 0.865478 0.126943 0.398345 0.701951 0.96171 0.222656 0.914737
0.777668 0.671232 0.144946 0.710658 0.332949 0.187365 0.98147 0.305344 0.0966762 0.628996 0.617172 0.183634 0.511868 0.40843 0.885359 0.259425 0.476431 0.291478 0.70636 0.135144 0.858689
0.273531 0.552651 0.286754 0.520356 0.836082 0.370857 0.0803508 0.315238 0.097264 0.657576 0.758962 0.386802 0.478204 0.89378 0.667542 0.527219 0.712953 0.393154 0.075748 0.426785 0.679091
0.229408 0.206417 0.976792 0.801474 0.738983 0.187014 0.887031 0.938948 0.126919 0.811957 0.823264 0.0789759 0.0261108 0.822988 0.590546 0.188562 0.688354 0.117261 0.25248 0.185785 0.0755809
0.823371 0.662683 0.739513 0.800255 0.398374 0.438613 0.0850413 0.871417 0.808084 0.893021 0.372027 0.687833 0.398768 0.618984 0.891222 0.825954 0.836679 0.0219958 0.0978337 0.600097 0.549018
0.240795 0.53869 0.801153 0.745246 0.670625 0.797811 0.977311 0.330946 0.14308 0.961043 0.609167 0.0627278 0.629659 0.349245 0.567243 0.454274 0.0819928 0.351744 0.651814 0.893321 0.110926
-0.00323428 0.886598 0.835354 0.273972 0.947583 0.89143 0.122311 0.237752 0.299506 0.667445 0.546506 0.966995 0.0955784 0.753728 0.63397 0.204381 0.499894 0.924083 0.520435 0.705018 0.641308
0.00695388 0.795048 0.474119 0.279893 0.306624 0.396264 0.0823602 0.151046 0.953758 0.416386 0.682265 0.666929 0.135071 0.18158 0.983492 0.979164 0.80918 0.509999 0.777896 0.351895 0.596399
0.13789 0.404935 0.867128 0.875607 0.0337647 0.822641 0.355958 0.00164303 0.422281 0.0941145 0.114785 0.709135 0.1792 0.877721 0.100068 0.739267 0.524761 0.298326 0.294008 0.623587 0.460554
0.183131 0.723413 0.0551002 0.847769 0.400454 0.282294 0.915857 0.403996 0.469928 0.854537 0.0802934 0.632928 0.952037 0.349453 0.694699 0.781025 0.596541 0.102034 0.177609 0.833425 0.341019
0.640011 0.25281 0.505948 0.284659 0.523563 0.349444 0.0263905 0.0042864 0.238008 0.122184 0.587613 0.193697 0.443405 0.435366 0.653468 0.0731104 0.761782 0.711751 0.617064 0.16973 0.0775514
0.644255 0.570705 0.208317 0.150588 0.878455 0.466376 0.249819 0.0453952 0.362176 0.158727 0.105638 0.313746 0.409248 0.503718 0.210581 0.83063 0.870652 0.13267 0.18111 0.815318 0.0452398
0.183893 0.146878 0.825106 0.100704 0.0678516 0.767336 0.0703843 0.682283 0.724986 0.404566 0.795512 0.117518 0.539914 0.76571 0.246704 0.257193 0.414602 0.942409 0.532062 0.446194 0.402126
0.369747 0.942558 0.495575 0.588003 0.605146 0.959786 0.471115 0.398945 0.0883364 0.0273176 0.932653 0.134479 0.82801 0.367996 0.352955 0.714068 0.813526 0.171317 0.511829 0.549542 0.21628
0.106422 0.856266 0.713156 0.692258 0.177359 0.41866 0.12504 0.468248 0.252075 0.480661 0.36671 0.424039 0.878143 0.75911 0.147425 0.493338 0.784687 0.0969141 0.674749 0.197828 0.794626
0.611803 0.272278 0.145293 0.722972 0.484668 0.881855 0.270198 0.335721 0.939255 0.510128 0.0497604 0.534237 0.402391 0.19445 0.385333 0.640375 0.526004 0.582264 0.924174 0.818115 0.459921
0.589901 0.939528 0.628084 0.573008 0.672448 0.79479 0.519445 0.267795 0.651703 0.293523 0.361092 0.0794238 0.768714 0.565148 0.0733526 0.140782 0.127451 0.73418 0.861355 0.635418 0.485312
0.0714767 0.0265421 0.341667 0.092536 0.428187 0.137191 0.704325 0.31274 0.798888 0.609096 0.247641 0.924869 0.667958 0.00366529 0.357472 0.648521 0.282201 0.599241 0.0507622 0.718526 0.243928
0.521476 0.940889 0.546493 0.486341 0.418305 0.819687 0.820108 0.462144 0.815402 0.943648 0.173641 0.919348 0.227497 0.341561 0.0467427 0.523579 0.103611 0.77 0.728098 0.348462 0.968239
0.47306 0.111081 0.809738 0.31273 0.00833458 0.147048 0.249099 0.042125 0.794435 0.817262 0.24623 0.181788 0.398558 0.427708 0.920372 0.33062 0.906705 0.709484 0.45713 0.121859 0.239382
0.804123 0.291227 0.325531 0.096526 0.986654 0.455693 0.16514 0.140394 0.671557 0.212448 0.210038 0.507646 0.0397954 0.404806 0.769351 0.299438 0.710833 0.489932 0.686702 0.0723135 0.477212
0.405836 0.0354726 0.976649 0.0508891 0.340013 0.138495 0.417032 0.840149 0.916719 0.184953 0.531501 0.474517 0.264918 0.0412537 0.190404 0.361372 0.957743 0.407801 0.827844 0.609332 0.00770528
0.370961 0.467522 0.433986 0.051321 0.971286 0.968801 0.845195 0.167615 0.646442 0.113656 0.651712 0.425249 0.0311359 0.678913 0.517791 0.730177 0.413104 0.608463 0.313191 0.858536 0.811352
0.840396 0.922372 0.787414 0.776731 0.722942 0.425968 0.59394 0.517182 0.340645 0.10633 0.563421 0.565781 0.528326 0.0678381 0.61601 0.136748 0.111622 0.016295 0.520703 0.718707 0.394746
0.136279 0.228308 0.419396 0.621389 0.53055 0.397875 0.0206269 0.135288 0.728228 0.982903 0.508621 0.0310525 0.884131 0.784912 0.644712 0.0635009 0.962378 0.0613374 0.678685 0.259144 0.946427
0.759958 0.0980271 0.575072 0.909216 0.0511265 0.366433 0.122382 0.787071 0.742956 0.2036 0.871627 0.588765 0.0760135 0.098108 0.357497 0.4655 0.0236802 0.357003 0.361579 0.492142 0.637931
0.311412 0.304233 0.805764 0.711164 0.477571 0.569047 0.840134 0.935297 0.809926 0.612623 0.750592 0.915093 0.764683 0.875096 0.703741 0.480098 0.715076 0.036481 0.266205 0.747868 0.911769
0.0962299 0.378347 0.0621745 0.625591 0.41007 0.332737 0.560498 0.580455 0.183375 0.0934306 0.0363028 0.470963 0.0363711 0.726178 0.951403 0.196334 0.867374 0.830803 0.472427 0.36407 0.374096
0.43037 0.693447 0.340311 0.746538 0.0634434 0.598765 0.65033 0.453509 0.271367 0.498893 0.0498243 0.658389 0.791934 0.906133 0.420111 0.882433 0.344932 0.474402 0.194385 0.00332688 0.319184
0.600723 0.527202 0.990744 0.572475 0.670367 0.293805 0.445134 0.633734 0.895405 0.354559 0.842998 0.592315 0.0947176 0.360815 0.683455 0.321006 0.725377 0.773506 0.619335 0.555194 0.472994
0.141085 0.00170629 0.57386 0.0977136 0.218521 0.183194 0.2311 0.230033 0.575388 0.0131912 0.745414 0.000431276 0.674953 0.484904 0.166418 0.40689 0.745484 0.240342 0.278187 0.265931 0.372541
0.00800951 0.377927 0.786425 0.466781 0.155734 0.359242 0.285019 0.809717 0.221216 0.532356 0.992163 0.640015 0.84251 0.486262 0.291705 0.0569485 0.300227 0.222709 0.476458 0.593751 0.024783
0.490226 0.360998 0.599903 0.846235 0.443967 0.140153 0.908752 0.62068 0.473505 0.528879 0.222136 0.0770132 0.0780276 0.926205 0.355169 0.357839 0.598101 0.361765 0.136175 0.636483 0.0917582
0.37511 0.500363 0.536695 0.100487 0.159147 0.700005 0.334414 0.0317623 0.550225 0.415245 0.151606 0.561704 0.628826 0.331761 0.903362 0.0871066 0.0742798 0.418872 0.205022 0.798688 0.574569
0.115904 0.306766 0.0855446 0.88333 0.586087 0.627368 0.113592 0.349613 0.545144 0.214877 0.334966 0.0231826 0.988639 0.479368 0.0904276 0.872234 0.50006 0.153876 0.625197 0.73365 0.417175
0.595479 0.397973 0.737913 0.583593 0.709957 0.683174 0.839668 0.0617736 0.77913 0.428357 0.521665 0.864105 0.0570366 0.453535 0.0283232 0.456994 0.157362 0.746462 0.314371 0.147786 0.159991
0.235663 0.964416 0.768591 0.678944 0.814841 0.882057 0.885177 0.473617 0.0930548 0.695114 0.489269 0.326946 0.896618 0.336354 0.163138 0.12467 0.121405 0.112818 0.561719 0.342676 0.350225
0.550923 0.630629 0.193375 0.353174 0.150839 0.374832 0.972884 0.910042 0.802499 0.0994317 0.450197 0.123516 0.273539 0.774007 0.922017 0.958656 0.149999 0.507916 0.484654 0.25379 0.275161
0.994654 0.598152 0.487815 0.743457 0.0607992 0.246385 0.0809376 0.111192 0.0338189 0.337246 0.986085 0.0362045 0.117203 0.499643 0.984069 0.460403 0.787529 0.436481 0.934449 0.642778 0.202834
0.582264 0.249354 0.265821 0.209119 0.731303 0.718084 0.740113 0.134576 0.30069 0.679909 0.665911 0.733815 0.974695 0.394963 0.0298051 0.755599 0.269522 0.250472 0.0647382 0.587388 0.328648
0.0910839 0.863526 0.27904 0.907384 0.413235 0.778208 0.820936 0.386658 0.416352 0.684112 0.800571 0.37322 0.891758 0.68959 0.209699 0.0388157 0.257637 0.732579 0.67977 0.950086 0.0959245 0.818983 0.102288 0.620379 0.838406 0.654281 0.408673 0.495049 0.652434 0.0263503 0.808626 0.519016 0.573984 0.264148 0.279028 0.544268 0.210239 0.885304 0.275325 0.608934 0.91513 0.0667911 0.38305 0.413813 0.42758 0.558898 0.606322 0.771702 0.499442 0.510815 0.0116814 0.0160525 0.954583 0.116984 0.853799 0.467229 0.56702 0.489064 0.68679 0.177706 0.911639 0.0410004 0.726106 0.248213 0.828066
0.544413 0.707926 0.958701 0.0676329 0.231116 0.425592 0.491125 0.278519 0.402969 0.0923548 0.13378 0.85015 0.952699 0.99835 0.127432 0.0753073 0.330283 0.146592 0.669913 0.26668 0.245657 0.251047 0.620419 0.935826 0.23152 0.964472 0.419227 0.789638 0.998987 0.711183 0.366058 0.680906 0.431603 0.206001 0.399431 0.640831 0.247461 0.520822 0.813951 0.380567 0.287698 0.111894 0.607207 0.0981306 0.626232 0.0774009 1.01656 0.627103 0.11505 0.181133 1.01543 0.888412 1.01544 0.971998 0.391385 0.600589 0.141704 0.503343 0.63353 0.624985 0.454292 0.440259 0.510138 0.25785 0.263345
